"BGO_ModID00_ChID00" (11000)
Fri Aug 30 18:50:34 2019
 3
1 long 
("BGOarray.raw.chanid000.adc")
(0 33000) 
--------------------------------------------
(0) 290
(1) 1
(2) 2
(3) 1
(4) 3
(5) 2
(6) 3
(7) 4
(8) 5
(9) 2
(10) 4
(11) 2
(12) 3
(13) 1
(14) 4
(15) 2
(16) 8
(17) 2
(18) 3
(19) 4
(20) 6
(21) 6
(22) 6
(23) 11
(24) 10
(25) 22
(26) 15
(27) 11
(28) 15
(29) 14
(30) 11
(31) 12
(32) 6
(33) 4
(34) 3
(35) 4
(36) 7
(37) 3
(38) 5
(39) 2
(40) 3
(41) 3
(42) 2
(43) 4
(44) 1
(45) 6
(46) 2
(47) 2
(48) 3
(50) 4
(51) 1
(52) 1
(53) 1
(58) 1
(60) 1
(63) 1
(68) 1
(71) 1
(73) 2
(78) 1
(79) 2
(82) 1
(84) 1
(85) 2
(89) 2
(91) 1
(92) 1
(94) 3
(95) 1
(96) 1
(98) 1
(99) 2
(101) 3
(102) 7
(103) 5
(104) 2
(105) 1
(106) 3
(107) 7
(108) 1
(109) 2
(111) 6
(113) 4
(114) 5
(115) 4
(116) 4
(117) 2
(119) 7
(120) 6
(121) 4
(122) 7
(123) 3
(124) 4
(125) 4
(126) 9
(127) 2
(128) 3
(129) 2
(130) 4
(131) 4
(132) 4
(133) 5
(134) 1
(135) 6
(136) 2
(137) 6
(138) 9
(139) 7
(140) 4
(141) 1
(142) 7
(143) 2
(144) 6
(145) 7
(146) 4
(147) 10
(148) 6
(149) 6
(150) 3
(151) 5
(152) 4
(153) 4
(154) 5
(155) 4
(156) 3
(157) 1
(158) 7
(159) 9
(160) 6
(161) 3
(162) 6
(163) 4
(164) 3
(165) 4
(166) 6
(167) 5
(170) 2
(171) 6
(172) 1
(173) 2
(174) 6
(175) 9
(176) 5
(177) 3
(178) 4
(179) 1
(180) 5
(181) 7
(182) 4
(183) 3
(184) 3
(185) 3
(186) 1
(187) 1
(188) 1
(189) 3
(190) 1
(191) 3
(192) 3
(193) 3
(194) 2
(195) 2
(196) 3
(197) 1
(198) 3
(199) 3
(200) 3
(202) 6
(203) 2
(204) 1
(205) 5
(206) 1
(207) 1
(208) 3
(209) 5
(210) 5
(211) 2
(212) 1
(213) 3
(214) 1
(215) 2
(216) 6
(217) 1
(218) 1
(219) 3
(220) 1
(221) 2
(222) 1
(223) 2
(224) 6
(225) 5
(226) 2
(227) 4
(228) 3
(229) 2
(230) 3
(232) 2
(234) 4
(235) 3
(236) 2
(237) 4
(238) 6
(239) 3
(240) 2
(241) 4
(242) 7
(243) 6
(244) 1
(245) 5
(246) 5
(247) 7
(248) 3
(249) 5
(250) 4
(251) 3
(253) 5
(254) 3
(255) 1
(256) 5
(257) 5
(258) 2
(259) 2
(260) 2
(261) 3
(262) 2
(263) 1
(264) 3
(265) 7
(266) 2
(267) 1
(268) 2
(269) 2
(270) 1
(271) 6
(272) 5
(273) 1
(274) 4
(275) 5
(276) 2
(277) 6
(278) 2
(279) 6
(280) 5
(281) 3
(282) 4
(283) 4
(284) 2
(285) 3
(286) 2
(287) 6
(288) 2
(289) 6
(290) 3
(291) 8
(292) 1
(293) 2
(294) 6
(295) 5
(296) 4
(297) 6
(298) 6
(300) 4
(301) 3
(302) 6
(303) 7
(304) 3
(305) 2
(307) 5
(308) 3
(309) 6
(310) 4
(311) 1
(312) 2
(313) 4
(315) 3
(316) 1
(317) 1
(318) 3
(319) 2
(320) 3
(321) 3
(322) 1
(323) 2
(324) 2
(325) 1
(326) 1
(327) 3
(328) 2
(329) 3
(330) 1
(331) 4
(332) 1
(333) 2
(334) 2
(335) 4
(336) 5
(337) 4
(338) 7
(339) 1
(340) 1
(341) 1
(342) 1
(343) 1
(344) 2
(345) 2
(346) 2
(347) 3
(348) 2
(349) 3
(350) 2
(351) 4
(352) 5
(353) 3
(354) 1
(355) 2
(356) 1
(357) 3
(358) 2
(359) 2
(360) 1
(361) 2
(362) 1
(363) 1
(364) 2
(366) 1
(367) 1
(369) 1
(370) 1
(371) 1
(372) 2
(373) 3
(375) 1
(376) 2
(377) 4
(378) 2
(379) 1
(380) 2
(382) 3
(383) 2
(384) 4
(385) 2
(386) 3
(387) 3
(388) 4
(389) 1
(390) 6
(391) 3
(392) 3
(394) 3
(395) 2
(397) 3
(398) 3
(399) 2
(400) 2
(401) 1
(402) 4
(403) 6
(404) 2
(405) 3
(407) 1
(409) 2
(410) 3
(411) 1
(412) 2
(413) 2
(415) 1
(416) 2
(417) 3
(419) 5
(420) 4
(421) 2
(422) 2
(423) 1
(424) 2
(425) 2
(426) 1
(427) 2
(428) 3
(429) 2
(431) 3
(432) 4
(433) 3
(436) 1
(437) 2
(439) 2
(440) 1
(441) 2
(442) 1
(443) 3
(444) 1
(445) 2
(446) 6
(447) 1
(448) 1
(449) 2
(450) 2
(451) 2
(454) 2
(455) 1
(456) 2
(458) 2
(460) 1
(461) 3
(462) 1
(463) 1
(464) 3
(465) 2
(466) 2
(467) 1
(468) 1
(471) 3
(473) 5
(475) 1
(476) 3
(477) 1
(478) 2
(479) 2
(480) 3
(481) 3
(482) 3
(483) 2
(484) 2
(485) 3
(486) 2
(487) 2
(488) 1
(489) 1
(490) 2
(491) 2
(493) 3
(494) 2
(497) 1
(498) 3
(501) 2
(503) 2
(505) 3
(506) 1
(507) 3
(509) 1
(510) 2
(511) 2
(512) 1
(513) 2
(514) 2
(515) 6
(516) 1
(519) 3
(520) 2
(524) 1
(526) 1
(527) 1
(529) 3
(531) 1
(532) 1
(533) 3
(536) 2
(537) 2
(538) 1
(539) 1
(540) 1
(544) 1
(546) 1
(549) 1
(552) 2
(554) 1
(555) 1
(557) 2
(558) 1
(559) 1
(560) 2
(561) 1
(562) 2
(563) 1
(565) 2
(566) 1
(568) 1
(571) 1
(573) 1
(574) 1
(575) 2
(576) 2
(577) 1
(578) 1
(579) 1
(580) 4
(583) 1
(584) 1
(585) 1
(586) 1
(588) 3
(591) 1
(595) 2
(597) 1
(599) 3
(600) 2
(601) 2
(606) 1
(608) 1
(609) 2
(610) 1
(611) 1
(612) 2
(615) 1
(616) 1
(617) 2
(619) 2
(621) 2
(623) 2
(624) 1
(628) 1
(629) 1
(630) 1
(631) 2
(633) 3
(636) 1
(637) 1
(638) 1
(640) 3
(643) 3
(650) 1
(651) 2
(652) 2
(653) 1
(655) 1
(656) 1
(659) 1
(660) 3
(662) 1
(665) 4
(671) 1
(672) 1
(674) 2
(679) 2
(682) 1
(684) 1
(685) 1
(686) 2
(687) 2
(691) 1
(693) 1
(694) 1
(696) 1
(697) 4
(698) 1
(705) 1
(708) 4
(709) 3
(710) 1
(711) 2
(712) 1
(715) 2
(716) 3
(717) 1
(720) 3
(721) 1
(722) 2
(723) 1
(724) 1
(725) 1
(726) 2
(727) 1
(728) 3
(729) 3
(730) 1
(731) 2
(733) 1
(734) 1
(735) 5
(736) 3
(737) 1
(739) 2
(740) 3
(741) 1
(742) 2
(743) 6
(745) 1
(746) 2
(747) 3
(748) 3
(749) 1
(750) 3
(751) 1
(753) 2
(754) 1
(755) 5
(756) 2
(759) 1
(760) 2
(761) 1
(762) 1
(763) 3
(764) 1
(765) 2
(767) 2
(768) 1
(770) 1
(773) 1
(774) 1
(775) 1
(776) 2
(777) 1
(779) 1
(780) 4
(781) 3
(782) 1
(783) 2
(785) 2
(786) 1
(787) 1
(788) 1
(789) 1
(790) 2
(791) 1
(792) 1
(793) 2
(797) 1
(798) 1
(799) 1
(800) 1
(801) 3
(802) 1
(803) 1
(808) 1
(814) 3
(816) 2
(817) 2
(818) 1
(820) 1
(823) 1
(826) 2
(827) 2
(829) 1
(830) 2
(842) 1
(843) 1
(847) 1
(848) 1
(850) 1
(853) 1
(854) 1
(855) 1
(856) 1
(859) 1
(876) 1
(884) 1
(886) 1
(895) 2
(898) 1
(901) 1
(903) 2
(910) 1
(911) 1
(913) 1
(917) 1
(920) 1
(930) 1
(931) 1
(938) 3
(942) 1
(944) 3
(945) 1
(952) 1
(961) 1
(976) 1
(982) 1
(985) 1
(998) 1
(1002) 1
(1005) 1
(1019) 1
(1023) 1
(1024) 1
(1030) 1
(1048) 1
(1052) 1
(1061) 1
(1070) 1
(1073) 1
(1076) 1
(1088) 1
(1096) 1
(1105) 1
(1111) 1
(1119) 1
(1120) 1
(1123) 1
(1124) 1
(1125) 1
(1128) 1
(1155) 1
(1164) 1
(1167) 1
(1171) 1
(1173) 1
(1186) 1
(1205) 1
(1215) 1
(1225) 1
(1231) 1
(1252) 1
(1263) 1
(1297) 1
(1298) 1
(1305) 1
(1315) 1
(1317) 2
(1326) 1
(1328) 1
(1339) 1
(1340) 1
(1345) 1
(1347) 1
(1350) 2
(1357) 1
(1367) 1
(1368) 1
(1379) 1
(1409) 1
(1421) 1
(1435) 1
(1436) 1
(1449) 1
(1467) 1
(1573) 1
(1618) 1
(1661) 1
(1676) 1
(1682) 1
(1953) 1
(2151) 1
(2354) 1
(2385) 1
(2850) 1
(3778) 1
(3888) 1
(3964) 1
(4062) 1
(4143) 1
(4396) 1
(5395) 1
(5573) 1
(5704) 1
(5929) 1
(6079) 1
(6320) 1
(6327) 1
(6741) 1
(6754) 1
(7313) 1
(7341) 1
(7515) 1
(7806) 1
(7984) 1
(9047) 1
(9449) 1
(9676) 1
(9927) 1
(10297) 1
(10310) 1
(10590) 1
(10903) 1
(10922) 69
(-1) -1
"BGO_ModID00_ChID01" (11000)
Fri Aug 30 18:50:34 2019
 3
1 long 
("BGOarray.raw.chanid001.adc")
(0 33000) 
--------------------------------------------
(0) 377
(1) 1
(2) 2
(3) 3
(4) 1
(5) 2
(6) 2
(7) 2
(9) 3
(10) 1
(13) 1
(15) 1
(16) 1
(17) 3
(19) 2
(20) 1
(21) 1
(23) 2
(24) 7
(25) 5
(26) 7
(27) 9
(28) 16
(29) 7
(30) 14
(31) 11
(32) 5
(33) 4
(34) 6
(35) 4
(36) 4
(37) 4
(38) 2
(39) 6
(40) 5
(41) 3
(42) 3
(43) 2
(44) 1
(45) 3
(46) 2
(47) 1
(48) 2
(49) 1
(50) 1
(51) 1
(52) 1
(53) 1
(56) 2
(58) 1
(60) 1
(61) 1
(63) 2
(65) 1
(66) 2
(68) 1
(70) 2
(72) 1
(73) 1
(74) 1
(75) 1
(77) 1
(78) 1
(79) 2
(82) 1
(84) 2
(85) 2
(86) 1
(87) 2
(88) 1
(89) 1
(90) 3
(91) 2
(92) 2
(93) 2
(94) 2
(95) 3
(96) 1
(97) 1
(98) 3
(99) 1
(100) 1
(102) 1
(103) 4
(104) 3
(105) 5
(106) 2
(107) 9
(108) 5
(109) 2
(110) 5
(111) 3
(112) 3
(113) 4
(114) 4
(115) 3
(116) 6
(117) 4
(118) 7
(119) 7
(120) 8
(121) 7
(122) 5
(123) 4
(124) 4
(125) 3
(126) 3
(127) 2
(128) 4
(129) 3
(130) 6
(131) 9
(132) 5
(133) 4
(134) 5
(135) 9
(136) 2
(137) 3
(138) 3
(139) 6
(140) 3
(141) 6
(142) 5
(143) 5
(144) 5
(145) 5
(146) 4
(147) 4
(148) 4
(149) 7
(150) 6
(151) 2
(152) 6
(153) 1
(154) 7
(155) 5
(156) 4
(157) 4
(158) 6
(159) 5
(160) 2
(161) 8
(162) 6
(163) 4
(164) 4
(165) 4
(166) 9
(167) 3
(168) 2
(169) 6
(170) 2
(171) 3
(172) 1
(173) 4
(174) 6
(176) 1
(177) 6
(178) 3
(179) 4
(180) 4
(181) 6
(182) 7
(183) 4
(184) 1
(185) 3
(186) 5
(187) 4
(188) 3
(189) 2
(190) 8
(191) 4
(192) 3
(194) 4
(195) 5
(196) 1
(197) 6
(198) 3
(199) 2
(200) 2
(201) 1
(202) 2
(203) 5
(204) 1
(205) 5
(206) 3
(207) 4
(208) 2
(209) 3
(210) 6
(211) 6
(212) 2
(213) 3
(214) 3
(215) 2
(216) 2
(217) 1
(218) 2
(219) 2
(220) 3
(221) 3
(222) 2
(223) 3
(224) 4
(225) 1
(226) 2
(227) 2
(228) 5
(229) 2
(230) 1
(231) 5
(232) 3
(233) 5
(234) 4
(235) 4
(236) 4
(237) 4
(238) 3
(239) 2
(240) 4
(241) 1
(242) 2
(243) 6
(244) 1
(245) 3
(246) 3
(247) 6
(248) 2
(249) 5
(251) 5
(252) 3
(253) 1
(255) 4
(256) 4
(257) 8
(258) 3
(259) 3
(260) 1
(261) 3
(262) 3
(263) 4
(264) 3
(265) 5
(266) 5
(267) 4
(268) 5
(269) 3
(270) 8
(271) 6
(272) 3
(273) 2
(274) 3
(275) 3
(276) 6
(277) 3
(278) 1
(279) 4
(280) 6
(281) 2
(282) 4
(283) 7
(284) 6
(287) 4
(288) 3
(289) 4
(290) 6
(291) 2
(292) 1
(293) 4
(294) 5
(295) 4
(297) 5
(298) 4
(299) 2
(300) 4
(301) 1
(302) 2
(303) 2
(304) 3
(305) 1
(306) 4
(307) 6
(308) 2
(309) 3
(310) 1
(311) 1
(312) 3
(313) 7
(314) 3
(316) 5
(317) 2
(318) 1
(319) 2
(320) 4
(321) 2
(322) 3
(323) 2
(324) 4
(325) 4
(326) 7
(328) 4
(329) 3
(330) 3
(332) 4
(333) 2
(334) 4
(335) 2
(336) 1
(337) 6
(338) 2
(339) 1
(340) 3
(341) 2
(342) 1
(343) 4
(344) 2
(345) 1
(346) 1
(347) 2
(348) 3
(349) 6
(350) 4
(351) 2
(352) 3
(353) 1
(354) 3
(355) 6
(356) 3
(357) 2
(358) 1
(359) 5
(360) 4
(362) 2
(363) 3
(364) 3
(365) 2
(366) 2
(367) 1
(368) 2
(369) 1
(370) 4
(371) 6
(372) 5
(374) 2
(375) 1
(376) 4
(377) 3
(380) 2
(381) 2
(382) 1
(383) 4
(384) 1
(385) 1
(387) 2
(388) 1
(389) 1
(390) 1
(391) 2
(392) 4
(393) 3
(394) 4
(396) 2
(397) 3
(398) 3
(399) 1
(400) 1
(401) 1
(402) 2
(403) 3
(404) 2
(405) 2
(406) 1
(407) 1
(408) 3
(409) 4
(410) 1
(411) 4
(413) 2
(414) 4
(416) 1
(417) 2
(418) 1
(419) 1
(421) 2
(422) 1
(423) 4
(424) 5
(425) 1
(426) 3
(428) 2
(429) 3
(430) 4
(431) 3
(432) 2
(433) 2
(434) 2
(435) 2
(437) 1
(438) 1
(439) 1
(441) 2
(444) 2
(445) 5
(446) 3
(447) 2
(448) 2
(449) 3
(450) 3
(452) 5
(453) 3
(454) 6
(455) 1
(456) 3
(457) 1
(458) 1
(460) 3
(461) 2
(462) 7
(463) 1
(464) 3
(465) 1
(466) 5
(468) 6
(469) 1
(470) 1
(471) 1
(473) 3
(475) 2
(476) 2
(477) 1
(478) 1
(479) 1
(480) 4
(481) 2
(482) 2
(483) 4
(484) 3
(486) 2
(488) 1
(489) 4
(490) 6
(491) 1
(492) 3
(494) 1
(495) 2
(496) 1
(497) 1
(498) 3
(501) 2
(502) 1
(503) 1
(505) 2
(506) 3
(507) 2
(508) 2
(509) 1
(510) 3
(511) 2
(512) 1
(514) 1
(515) 2
(516) 1
(517) 2
(518) 1
(519) 3
(521) 2
(522) 3
(524) 1
(525) 3
(526) 1
(527) 2
(528) 1
(529) 2
(531) 1
(532) 2
(533) 3
(534) 2
(535) 2
(536) 1
(537) 1
(539) 3
(540) 1
(541) 2
(544) 5
(547) 2
(548) 2
(549) 2
(550) 4
(551) 1
(552) 2
(554) 3
(555) 6
(556) 2
(557) 2
(558) 2
(559) 1
(561) 2
(563) 3
(565) 4
(567) 1
(568) 1
(569) 3
(570) 1
(571) 2
(572) 1
(573) 3
(578) 2
(579) 1
(580) 1
(583) 1
(584) 1
(585) 2
(586) 2
(588) 2
(592) 1
(593) 1
(599) 1
(600) 2
(601) 2
(602) 1
(603) 1
(604) 2
(605) 1
(607) 1
(611) 1
(612) 1
(613) 2
(616) 1
(617) 1
(618) 3
(622) 1
(623) 1
(624) 1
(625) 3
(632) 1
(635) 2
(636) 1
(638) 5
(648) 2
(649) 1
(650) 1
(653) 1
(655) 1
(656) 1
(657) 2
(659) 1
(661) 1
(662) 2
(663) 3
(665) 2
(667) 1
(668) 4
(670) 1
(671) 1
(672) 1
(673) 2
(678) 1
(681) 1
(684) 2
(685) 1
(687) 1
(688) 1
(689) 2
(690) 1
(691) 3
(692) 2
(694) 2
(697) 2
(699) 1
(700) 1
(701) 4
(703) 2
(704) 2
(705) 1
(707) 2
(708) 1
(709) 1
(710) 1
(712) 3
(714) 1
(715) 1
(716) 1
(717) 4
(718) 1
(721) 3
(722) 2
(724) 1
(725) 1
(726) 2
(727) 1
(728) 2
(729) 1
(730) 1
(731) 1
(732) 3
(733) 3
(735) 3
(737) 1
(740) 1
(742) 1
(743) 1
(744) 1
(745) 2
(746) 2
(747) 1
(749) 2
(751) 2
(752) 2
(753) 2
(754) 3
(755) 1
(756) 3
(757) 2
(759) 4
(760) 2
(761) 1
(762) 5
(763) 4
(764) 2
(767) 3
(768) 1
(769) 2
(770) 2
(771) 1
(772) 5
(773) 1
(775) 2
(776) 3
(778) 2
(780) 3
(782) 7
(783) 1
(785) 3
(786) 1
(787) 2
(789) 3
(790) 1
(791) 2
(792) 1
(796) 2
(798) 1
(799) 2
(800) 1
(804) 4
(806) 1
(807) 2
(808) 2
(809) 2
(811) 1
(812) 1
(814) 2
(815) 1
(817) 1
(818) 1
(819) 1
(820) 1
(822) 1
(823) 2
(824) 1
(827) 2
(828) 2
(830) 2
(833) 2
(834) 1
(838) 1
(839) 1
(845) 1
(850) 1
(857) 1
(859) 1
(869) 1
(872) 2
(875) 1
(877) 1
(880) 1
(884) 1
(886) 1
(892) 1
(894) 1
(895) 1
(914) 1
(915) 1
(926) 1
(931) 2
(933) 1
(942) 1
(950) 1
(951) 1
(960) 1
(966) 1
(981) 1
(984) 1
(1010) 1
(1011) 1
(1023) 1
(1039) 1
(1042) 1
(1062) 1
(1071) 1
(1093) 1
(1100) 1
(1105) 1
(1107) 1
(1115) 1
(1118) 1
(1122) 1
(1139) 1
(1151) 1
(1154) 1
(1158) 1
(1164) 1
(1178) 1
(1186) 1
(1191) 1
(1193) 1
(1196) 1
(1197) 1
(1234) 1
(1256) 1
(1259) 1
(1261) 1
(1269) 1
(1272) 1
(1303) 1
(1336) 1
(1340) 1
(1352) 1
(1355) 1
(1367) 1
(1381) 1
(1384) 1
(1386) 1
(1388) 1
(1392) 1
(1395) 2
(1409) 1
(1412) 1
(1431) 1
(1448) 1
(1559) 1
(1641) 1
(1712) 1
(1752) 1
(1788) 1
(1793) 1
(1804) 1
(1892) 1
(1953) 1
(2073) 1
(2208) 1
(2329) 1
(2411) 1
(2508) 1
(2673) 1
(2750) 1
(2950) 1
(3001) 1
(3044) 1
(3295) 1
(3298) 1
(3342) 1
(3400) 1
(3415) 1
(3484) 1
(3623) 1
(3895) 1
(4018) 2
(4049) 1
(4116) 1
(4249) 1
(4308) 1
(4512) 1
(4579) 1
(4658) 1
(4726) 1
(4914) 1
(4918) 1
(5048) 1
(5117) 1
(5347) 1
(5348) 1
(6157) 1
(6612) 1
(6704) 1
(6816) 1
(6822) 1
(7464) 1
(7576) 1
(7726) 1
(7959) 1
(8824) 1
(8834) 1
(8850) 1
(9267) 1
(9314) 1
(9407) 1
(9694) 1
(9779) 1
(10019) 1
(10455) 1
(10502) 1
(10922) 66
(-1) -1
"BGO_ModID00_ChID02" (11000)
Fri Aug 30 18:50:34 2019
 3
1 long 
("BGOarray.raw.chanid002.adc")
(0 33000) 
--------------------------------------------
(0) 221
(2) 3
(4) 2
(5) 3
(6) 4
(7) 2
(8) 3
(9) 7
(10) 1
(11) 3
(13) 7
(14) 2
(15) 3
(16) 1
(17) 1
(18) 4
(19) 5
(20) 4
(21) 4
(22) 2
(23) 3
(24) 8
(25) 16
(26) 25
(27) 10
(28) 15
(29) 12
(30) 4
(31) 11
(32) 4
(33) 7
(34) 6
(35) 8
(36) 3
(37) 5
(38) 3
(39) 4
(42) 2
(43) 5
(44) 2
(45) 3
(46) 2
(49) 2
(50) 2
(51) 1
(52) 1
(53) 2
(54) 1
(55) 3
(58) 2
(59) 1
(63) 3
(66) 1
(69) 2
(78) 1
(83) 1
(84) 1
(86) 2
(87) 1
(92) 1
(93) 1
(95) 3
(96) 1
(97) 2
(98) 1
(99) 2
(101) 3
(103) 1
(104) 2
(105) 4
(107) 3
(108) 2
(109) 3
(111) 3
(112) 3
(113) 3
(114) 3
(115) 4
(116) 1
(117) 3
(118) 3
(119) 3
(121) 2
(122) 5
(123) 1
(124) 1
(125) 3
(127) 7
(128) 1
(129) 2
(130) 3
(131) 2
(132) 3
(133) 3
(134) 5
(135) 3
(136) 3
(137) 3
(138) 2
(139) 4
(140) 6
(141) 2
(142) 2
(143) 4
(144) 4
(145) 2
(146) 3
(147) 6
(148) 4
(149) 1
(150) 4
(151) 2
(152) 3
(153) 1
(154) 3
(155) 2
(156) 2
(157) 4
(159) 3
(160) 2
(161) 1
(162) 3
(163) 3
(164) 5
(165) 4
(166) 2
(167) 3
(168) 1
(169) 2
(170) 4
(171) 2
(172) 2
(173) 6
(174) 3
(175) 3
(176) 4
(177) 1
(178) 2
(179) 2
(180) 1
(181) 1
(182) 1
(184) 1
(187) 2
(188) 1
(189) 1
(191) 4
(192) 1
(194) 2
(195) 2
(196) 4
(197) 1
(198) 2
(199) 4
(202) 4
(205) 2
(207) 3
(208) 1
(209) 1
(211) 1
(212) 4
(214) 2
(215) 2
(216) 3
(218) 1
(219) 7
(220) 3
(221) 4
(222) 2
(223) 1
(224) 3
(225) 6
(226) 3
(227) 3
(228) 3
(229) 3
(230) 1
(231) 4
(232) 1
(233) 2
(235) 4
(236) 2
(237) 1
(238) 2
(239) 2
(240) 3
(241) 3
(243) 2
(244) 2
(245) 3
(247) 2
(248) 5
(250) 3
(251) 2
(252) 2
(253) 1
(254) 6
(255) 4
(256) 2
(257) 3
(258) 3
(259) 4
(260) 3
(261) 3
(262) 1
(263) 2
(264) 4
(265) 6
(266) 5
(267) 5
(268) 6
(269) 2
(270) 5
(271) 4
(272) 2
(273) 2
(274) 4
(276) 4
(277) 1
(278) 5
(279) 1
(280) 6
(281) 3
(282) 3
(283) 1
(284) 3
(285) 5
(286) 2
(287) 6
(288) 3
(289) 3
(290) 3
(291) 8
(292) 3
(293) 3
(294) 2
(295) 4
(296) 2
(297) 5
(298) 3
(299) 3
(300) 2
(301) 2
(302) 2
(303) 2
(304) 3
(305) 1
(307) 5
(308) 2
(309) 3
(310) 1
(311) 2
(312) 1
(313) 2
(314) 3
(315) 1
(316) 5
(317) 3
(318) 5
(319) 4
(320) 1
(321) 1
(322) 5
(323) 2
(324) 2
(325) 2
(326) 3
(327) 2
(328) 2
(329) 1
(330) 5
(331) 1
(333) 2
(334) 3
(335) 3
(336) 1
(337) 8
(338) 2
(339) 1
(340) 4
(341) 2
(342) 3
(343) 1
(344) 3
(345) 2
(346) 2
(348) 2
(349) 4
(350) 2
(351) 2
(352) 1
(353) 2
(354) 2
(355) 1
(356) 2
(357) 5
(358) 1
(359) 3
(360) 2
(362) 2
(363) 2
(364) 1
(365) 2
(366) 3
(367) 3
(368) 4
(370) 3
(371) 4
(372) 2
(373) 1
(374) 1
(375) 3
(376) 2
(377) 1
(379) 3
(380) 4
(381) 1
(382) 2
(383) 5
(385) 3
(386) 1
(387) 4
(388) 3
(389) 1
(391) 2
(392) 3
(393) 1
(394) 2
(395) 2
(396) 2
(397) 1
(399) 3
(400) 1
(401) 3
(402) 2
(403) 2
(404) 1
(406) 2
(407) 5
(408) 2
(409) 2
(410) 2
(411) 1
(413) 2
(414) 1
(416) 1
(417) 1
(418) 2
(419) 3
(420) 2
(421) 1
(422) 1
(423) 2
(424) 2
(426) 4
(427) 1
(428) 3
(430) 2
(431) 3
(432) 1
(433) 2
(434) 3
(435) 1
(436) 2
(437) 2
(438) 2
(439) 1
(440) 2
(441) 1
(442) 2
(443) 1
(444) 1
(445) 2
(447) 2
(448) 3
(449) 2
(450) 1
(451) 3
(452) 2
(453) 2
(454) 1
(455) 3
(456) 1
(457) 1
(459) 2
(460) 1
(461) 2
(463) 1
(464) 2
(466) 4
(468) 2
(469) 2
(471) 3
(472) 1
(473) 3
(475) 1
(478) 4
(481) 2
(482) 1
(483) 1
(484) 2
(486) 3
(488) 2
(489) 4
(490) 3
(491) 1
(492) 1
(494) 3
(495) 1
(496) 1
(497) 1
(498) 1
(500) 2
(502) 1
(503) 4
(505) 3
(506) 1
(507) 1
(508) 1
(511) 1
(512) 1
(513) 2
(517) 1
(518) 1
(520) 3
(521) 1
(522) 1
(523) 1
(525) 3
(526) 2
(527) 2
(528) 2
(529) 5
(530) 1
(532) 2
(533) 2
(534) 1
(535) 4
(537) 1
(539) 1
(540) 2
(541) 2
(543) 1
(544) 1
(545) 2
(547) 2
(548) 1
(549) 3
(553) 3
(554) 1
(556) 1
(558) 2
(559) 1
(561) 2
(562) 1
(567) 1
(568) 1
(569) 3
(570) 4
(571) 2
(573) 2
(574) 1
(577) 2
(578) 1
(579) 1
(581) 1
(583) 1
(584) 1
(585) 2
(586) 2
(588) 2
(590) 1
(592) 3
(594) 1
(597) 1
(600) 1
(602) 2
(603) 1
(604) 1
(605) 2
(607) 1
(609) 1
(610) 3
(612) 1
(613) 1
(615) 3
(616) 1
(619) 1
(620) 1
(622) 2
(623) 1
(624) 1
(625) 2
(626) 2
(627) 1
(628) 1
(632) 1
(633) 1
(635) 1
(636) 3
(639) 1
(643) 1
(647) 1
(649) 1
(651) 2
(652) 1
(653) 1
(654) 1
(656) 2
(658) 1
(660) 1
(663) 2
(665) 1
(667) 1
(668) 1
(669) 1
(674) 2
(675) 1
(679) 1
(681) 1
(683) 1
(684) 1
(686) 1
(689) 2
(690) 1
(691) 1
(693) 2
(696) 3
(699) 3
(702) 2
(706) 2
(707) 1
(708) 2
(709) 3
(710) 1
(712) 4
(713) 1
(714) 1
(715) 1
(716) 2
(718) 1
(719) 1
(720) 2
(721) 4
(722) 2
(723) 1
(726) 1
(728) 1
(729) 1
(732) 2
(733) 1
(734) 1
(737) 1
(738) 1
(739) 3
(740) 4
(741) 2
(743) 1
(744) 1
(745) 1
(746) 3
(747) 1
(748) 1
(749) 3
(751) 2
(752) 2
(754) 2
(755) 2
(757) 1
(759) 1
(760) 1
(761) 1
(762) 2
(763) 1
(764) 1
(765) 2
(766) 1
(767) 2
(768) 2
(769) 3
(771) 2
(772) 2
(773) 2
(774) 4
(775) 2
(776) 2
(777) 2
(778) 1
(779) 1
(780) 3
(781) 2
(782) 2
(783) 3
(784) 4
(786) 2
(787) 1
(788) 1
(790) 2
(792) 4
(793) 3
(794) 3
(795) 3
(799) 5
(800) 2
(801) 1
(802) 1
(803) 1
(804) 3
(805) 3
(806) 2
(807) 1
(808) 4
(809) 2
(810) 3
(811) 1
(812) 3
(815) 1
(817) 1
(820) 2
(822) 1
(825) 1
(826) 1
(827) 1
(832) 1
(834) 2
(835) 1
(839) 1
(841) 1
(843) 2
(844) 1
(850) 1
(854) 1
(855) 1
(861) 1
(866) 2
(869) 2
(881) 1
(891) 1
(895) 1
(914) 1
(915) 2
(920) 1
(922) 1
(924) 1
(929) 1
(939) 3
(941) 1
(969) 1
(978) 2
(985) 1
(987) 1
(991) 1
(992) 1
(993) 1
(994) 1
(998) 1
(1004) 2
(1008) 1
(1025) 1
(1036) 1
(1041) 1
(1050) 2
(1055) 1
(1058) 1
(1059) 1
(1065) 1
(1074) 1
(1076) 1
(1106) 1
(1107) 1
(1123) 1
(1160) 2
(1171) 1
(1184) 1
(1186) 1
(1191) 1
(1193) 1
(1194) 1
(1196) 1
(1197) 1
(1208) 1
(1215) 1
(1223) 1
(1228) 1
(1238) 1
(1253) 1
(1258) 1
(1289) 1
(1307) 1
(1310) 2
(1343) 2
(1386) 1
(1390) 1
(1400) 1
(1401) 1
(1404) 1
(1409) 1
(1413) 1
(1429) 1
(1440) 1
(1445) 1
(1453) 1
(1492) 1
(1555) 1
(1608) 1
(1654) 1
(1670) 1
(1696) 1
(1851) 1
(2017) 1
(2132) 1
(2136) 1
(3088) 1
(3123) 1
(3362) 1
(3473) 1
(3542) 1
(3699) 1
(3777) 1
(3880) 1
(3920) 1
(3987) 1
(4501) 1
(4896) 1
(5076) 1
(5218) 1
(5500) 1
(5618) 1
(6127) 1
(6352) 1
(7270) 1
(7493) 1
(7701) 1
(7887) 1
(7954) 1
(8249) 1
(8833) 1
(8953) 1
(9072) 1
(9203) 1
(9932) 1
(9954) 1
(10120) 1
(10148) 1
(10235) 1
(10343) 1
(10388) 1
(10566) 1
(10810) 1
(10922) 75
(-1) -1
"BGO_ModID00_ChID03" (11000)
Fri Aug 30 18:50:34 2019
 3
1 long 
("BGOarray.raw.chanid003.adc")
(0 33000) 
--------------------------------------------
(0) 260
(2) 4
(3) 3
(4) 5
(5) 7
(6) 4
(7) 4
(8) 5
(9) 3
(10) 5
(11) 1
(12) 1
(13) 3
(14) 2
(16) 4
(17) 4
(18) 6
(19) 2
(20) 6
(21) 5
(22) 7
(23) 4
(24) 8
(25) 26
(26) 25
(27) 30
(28) 17
(29) 23
(30) 15
(31) 10
(32) 10
(33) 8
(34) 8
(35) 3
(36) 4
(37) 6
(38) 3
(39) 3
(40) 2
(41) 6
(42) 4
(43) 1
(46) 3
(48) 1
(51) 1
(52) 3
(54) 1
(55) 1
(56) 1
(58) 1
(60) 1
(61) 1
(63) 2
(65) 1
(67) 1
(72) 1
(73) 1
(75) 1
(76) 1
(77) 1
(80) 1
(81) 1
(82) 1
(85) 1
(89) 3
(90) 3
(91) 1
(93) 1
(94) 1
(95) 2
(96) 1
(97) 1
(98) 3
(99) 2
(100) 3
(101) 3
(102) 2
(103) 2
(104) 2
(105) 3
(106) 2
(107) 1
(108) 3
(109) 1
(111) 3
(112) 1
(113) 4
(114) 7
(115) 3
(116) 2
(117) 2
(118) 5
(119) 4
(120) 5
(121) 4
(122) 3
(123) 7
(124) 2
(125) 4
(126) 4
(127) 6
(128) 1
(129) 2
(130) 3
(131) 2
(132) 3
(133) 3
(134) 5
(135) 6
(136) 4
(137) 4
(138) 4
(139) 6
(140) 1
(141) 6
(142) 6
(143) 1
(144) 3
(145) 7
(146) 4
(147) 6
(148) 3
(149) 5
(150) 5
(151) 3
(152) 7
(153) 1
(154) 4
(155) 4
(156) 5
(157) 8
(158) 1
(159) 2
(160) 2
(161) 2
(162) 5
(163) 4
(164) 2
(165) 6
(166) 4
(167) 6
(168) 2
(169) 5
(170) 2
(171) 3
(172) 5
(173) 1
(174) 2
(175) 3
(176) 3
(177) 7
(178) 1
(179) 3
(180) 2
(181) 3
(182) 5
(183) 1
(184) 3
(185) 5
(186) 6
(187) 5
(188) 8
(189) 4
(190) 3
(191) 5
(192) 3
(193) 1
(194) 3
(195) 3
(196) 1
(197) 4
(198) 3
(199) 2
(200) 2
(202) 8
(203) 3
(204) 4
(205) 1
(206) 5
(207) 4
(208) 4
(209) 2
(210) 1
(211) 5
(212) 4
(213) 1
(214) 1
(215) 4
(216) 3
(217) 3
(218) 3
(219) 4
(220) 4
(221) 3
(222) 2
(223) 1
(224) 5
(225) 2
(226) 3
(227) 6
(228) 3
(229) 2
(230) 1
(231) 2
(232) 3
(233) 2
(234) 3
(235) 2
(237) 5
(239) 5
(240) 1
(241) 1
(242) 9
(243) 2
(244) 1
(245) 4
(246) 3
(247) 1
(249) 5
(250) 2
(251) 3
(252) 1
(253) 5
(254) 4
(256) 3
(257) 2
(258) 2
(259) 2
(260) 5
(262) 4
(263) 2
(264) 4
(265) 1
(266) 3
(267) 5
(268) 3
(269) 1
(270) 3
(271) 2
(272) 1
(273) 1
(274) 2
(275) 1
(276) 3
(277) 2
(278) 3
(279) 4
(280) 3
(281) 6
(282) 2
(283) 2
(284) 3
(285) 1
(286) 8
(287) 3
(288) 2
(289) 2
(290) 3
(291) 1
(292) 7
(293) 5
(294) 2
(295) 3
(296) 3
(297) 2
(298) 3
(299) 6
(301) 4
(302) 2
(303) 6
(304) 4
(305) 3
(306) 3
(307) 4
(308) 5
(309) 1
(310) 2
(311) 3
(312) 1
(313) 2
(314) 1
(315) 6
(316) 3
(317) 2
(318) 4
(319) 1
(320) 2
(321) 3
(322) 3
(323) 4
(324) 7
(325) 2
(327) 2
(328) 1
(329) 3
(330) 1
(331) 4
(333) 1
(334) 5
(335) 4
(336) 3
(339) 2
(340) 2
(341) 1
(342) 1
(343) 2
(344) 2
(345) 3
(346) 2
(347) 2
(348) 1
(349) 2
(350) 1
(351) 2
(352) 4
(353) 2
(354) 6
(355) 1
(356) 2
(357) 5
(358) 3
(359) 1
(360) 3
(361) 2
(362) 2
(363) 2
(364) 1
(365) 1
(366) 2
(367) 1
(368) 3
(369) 1
(371) 2
(372) 3
(373) 3
(374) 3
(375) 3
(377) 2
(378) 1
(379) 2
(380) 1
(381) 2
(382) 3
(383) 3
(384) 1
(385) 3
(386) 3
(387) 1
(388) 2
(390) 3
(392) 1
(393) 4
(394) 1
(395) 2
(396) 3
(397) 2
(398) 2
(399) 1
(401) 3
(402) 2
(403) 2
(404) 1
(405) 3
(406) 3
(407) 3
(410) 2
(411) 2
(413) 5
(416) 2
(418) 1
(419) 3
(421) 4
(423) 3
(424) 1
(426) 5
(427) 2
(428) 1
(429) 1
(430) 1
(431) 2
(432) 6
(433) 1
(434) 4
(435) 2
(437) 1
(438) 3
(439) 3
(440) 1
(441) 3
(445) 5
(447) 2
(448) 2
(449) 3
(450) 1
(451) 2
(452) 3
(455) 2
(456) 2
(458) 1
(459) 1
(460) 2
(461) 1
(462) 5
(463) 2
(464) 1
(465) 1
(466) 2
(468) 3
(469) 1
(470) 1
(471) 2
(472) 3
(473) 2
(474) 1
(475) 1
(476) 1
(477) 1
(479) 1
(480) 2
(481) 3
(482) 2
(483) 1
(484) 1
(485) 1
(486) 1
(488) 1
(489) 1
(490) 2
(491) 1
(492) 3
(493) 2
(494) 2
(495) 1
(496) 2
(497) 1
(498) 1
(500) 2
(501) 2
(502) 2
(506) 2
(507) 1
(510) 3
(511) 1
(512) 1
(513) 1
(514) 2
(516) 1
(517) 2
(518) 2
(519) 1
(520) 1
(521) 3
(522) 1
(523) 2
(525) 1
(526) 1
(527) 1
(528) 1
(529) 4
(530) 1
(532) 1
(533) 1
(534) 2
(535) 4
(538) 1
(539) 1
(541) 3
(543) 1
(545) 1
(548) 3
(553) 2
(555) 3
(556) 2
(557) 1
(559) 2
(560) 3
(563) 2
(564) 1
(565) 3
(567) 1
(568) 1
(569) 1
(570) 1
(571) 1
(579) 2
(580) 1
(581) 3
(583) 2
(584) 2
(585) 1
(587) 1
(588) 2
(590) 1
(591) 1
(592) 1
(594) 2
(598) 2
(599) 1
(600) 3
(601) 1
(602) 2
(603) 2
(604) 3
(605) 1
(606) 1
(608) 2
(609) 1
(610) 1
(611) 1
(612) 2
(614) 1
(616) 1
(617) 1
(618) 1
(622) 1
(627) 1
(629) 2
(630) 2
(631) 1
(634) 2
(635) 1
(637) 2
(639) 1
(640) 2
(642) 1
(643) 2
(646) 1
(648) 1
(650) 2
(656) 1
(657) 1
(658) 1
(659) 1
(664) 1
(666) 2
(667) 1
(668) 1
(669) 1
(670) 4
(671) 1
(672) 3
(674) 1
(676) 2
(677) 1
(678) 1
(680) 1
(682) 1
(685) 1
(687) 1
(688) 2
(692) 2
(694) 1
(695) 1
(697) 1
(698) 1
(703) 1
(704) 2
(706) 1
(707) 1
(708) 1
(709) 1
(710) 3
(711) 3
(712) 1
(714) 2
(715) 3
(718) 1
(719) 2
(720) 2
(721) 1
(722) 2
(724) 1
(725) 1
(726) 2
(727) 1
(728) 2
(729) 3
(730) 1
(731) 2
(732) 4
(733) 3
(734) 1
(735) 2
(737) 1
(738) 2
(739) 1
(742) 2
(743) 2
(744) 1
(746) 1
(748) 2
(749) 2
(751) 3
(752) 4
(753) 1
(754) 4
(755) 1
(756) 1
(757) 3
(758) 5
(759) 3
(760) 1
(762) 1
(763) 2
(764) 2
(765) 2
(766) 4
(767) 2
(768) 2
(769) 1
(770) 1
(771) 4
(773) 1
(774) 3
(775) 2
(776) 1
(777) 1
(778) 1
(779) 1
(780) 2
(781) 1
(782) 2
(783) 2
(784) 1
(785) 2
(786) 1
(787) 1
(788) 1
(791) 1
(795) 3
(796) 1
(797) 2
(798) 2
(802) 1
(804) 1
(805) 1
(806) 1
(807) 3
(808) 1
(809) 1
(810) 3
(813) 4
(814) 3
(815) 1
(817) 1
(820) 2
(823) 1
(824) 1
(825) 1
(827) 1
(828) 1
(829) 1
(830) 1
(831) 1
(836) 1
(859) 2
(860) 1
(864) 1
(866) 1
(868) 1
(874) 1
(878) 1
(881) 1
(884) 1
(885) 1
(887) 1
(896) 1
(899) 2
(911) 1
(915) 1
(917) 1
(918) 1
(930) 1
(932) 1
(936) 1
(938) 1
(947) 1
(950) 1
(984) 1
(989) 1
(995) 1
(1037) 1
(1042) 1
(1063) 1
(1073) 1
(1107) 1
(1112) 2
(1119) 1
(1136) 1
(1144) 1
(1148) 1
(1149) 1
(1158) 1
(1162) 1
(1172) 1
(1175) 1
(1178) 1
(1185) 1
(1201) 1
(1203) 1
(1208) 1
(1220) 1
(1237) 1
(1254) 1
(1268) 2
(1274) 1
(1283) 1
(1304) 1
(1310) 1
(1317) 1
(1321) 2
(1326) 2
(1328) 1
(1333) 1
(1340) 1
(1345) 1
(1355) 1
(1361) 1
(1366) 1
(1367) 2
(1370) 1
(1377) 1
(1384) 1
(1395) 1
(1397) 1
(1403) 1
(1412) 1
(1414) 1
(1415) 1
(1417) 1
(1418) 1
(1424) 1
(1433) 1
(1434) 1
(1464) 1
(1681) 1
(1705) 1
(1806) 1
(1941) 1
(1958) 1
(1985) 1
(2019) 1
(2166) 1
(2167) 1
(2471) 1
(2487) 1
(2554) 1
(2570) 1
(2727) 1
(2736) 1
(2875) 1
(3154) 1
(3851) 1
(3940) 1
(4347) 1
(4896) 1
(4930) 1
(5018) 1
(5120) 1
(5786) 1
(5912) 1
(5919) 1
(6668) 1
(7348) 1
(7769) 1
(7775) 1
(7933) 1
(8434) 1
(8750) 1
(9205) 1
(9336) 1
(10922) 61
(-1) -1
"BGO_ModID00_ChID04" (11000)
Fri Aug 30 18:50:34 2019
 3
1 long 
("BGOarray.raw.chanid004.adc")
(0 33000) 
--------------------------------------------
(0) 318
(1) 3
(2) 8
(3) 16
(4) 27
(5) 20
(6) 12
(7) 13
(8) 11
(9) 14
(10) 12
(11) 17
(12) 10
(13) 20
(14) 16
(15) 21
(16) 18
(17) 19
(18) 13
(19) 27
(20) 18
(21) 29
(22) 40
(23) 43
(24) 67
(25) 95
(26) 113
(27) 92
(28) 93
(29) 58
(30) 41
(31) 46
(32) 35
(33) 40
(34) 26
(35) 14
(36) 13
(37) 7
(38) 9
(39) 5
(40) 7
(41) 6
(42) 5
(43) 4
(44) 4
(45) 6
(46) 10
(47) 2
(48) 4
(49) 1
(50) 2
(51) 2
(53) 3
(54) 1
(58) 1
(59) 2
(60) 1
(68) 1
(71) 1
(74) 2
(75) 1
(76) 1
(78) 1
(79) 2
(83) 1
(86) 1
(90) 2
(91) 1
(92) 2
(93) 2
(96) 3
(97) 1
(99) 1
(101) 1
(102) 3
(103) 1
(104) 2
(105) 2
(106) 1
(107) 4
(108) 4
(109) 2
(110) 5
(111) 1
(113) 3
(114) 3
(115) 4
(117) 5
(118) 4
(119) 1
(120) 3
(121) 4
(122) 10
(123) 6
(124) 6
(125) 4
(126) 2
(127) 4
(128) 3
(129) 4
(130) 3
(131) 4
(132) 6
(133) 2
(134) 4
(135) 4
(136) 6
(137) 2
(138) 5
(139) 4
(140) 6
(141) 4
(142) 5
(143) 3
(144) 3
(145) 6
(146) 4
(147) 5
(148) 5
(149) 5
(150) 3
(151) 8
(152) 3
(153) 3
(154) 6
(155) 4
(156) 3
(157) 4
(158) 2
(159) 6
(160) 2
(161) 3
(162) 3
(164) 5
(165) 3
(166) 5
(167) 5
(168) 5
(169) 1
(170) 3
(171) 5
(172) 3
(173) 3
(174) 1
(175) 5
(176) 3
(177) 2
(178) 5
(179) 3
(182) 2
(183) 4
(184) 3
(185) 7
(186) 3
(187) 3
(188) 2
(189) 1
(190) 5
(191) 4
(192) 6
(193) 4
(194) 3
(195) 5
(196) 2
(197) 3
(198) 2
(199) 3
(200) 5
(201) 4
(202) 5
(203) 2
(204) 4
(205) 2
(206) 3
(207) 4
(208) 5
(209) 3
(210) 1
(211) 5
(212) 5
(213) 2
(214) 3
(215) 3
(216) 1
(217) 3
(218) 3
(219) 5
(220) 2
(221) 3
(222) 3
(223) 3
(224) 4
(225) 3
(226) 2
(227) 3
(228) 3
(229) 6
(230) 4
(231) 1
(232) 3
(233) 3
(234) 3
(235) 3
(236) 3
(237) 4
(238) 4
(239) 3
(240) 4
(241) 3
(242) 3
(243) 3
(244) 2
(245) 4
(246) 3
(247) 4
(248) 4
(249) 4
(250) 3
(251) 4
(252) 3
(253) 2
(254) 3
(255) 3
(256) 2
(257) 4
(258) 1
(259) 6
(260) 2
(261) 1
(262) 1
(263) 3
(264) 5
(265) 3
(266) 6
(267) 4
(268) 1
(269) 3
(270) 3
(271) 3
(272) 5
(273) 1
(274) 3
(275) 4
(276) 1
(277) 4
(278) 3
(279) 2
(280) 5
(281) 2
(282) 4
(283) 3
(284) 4
(285) 2
(286) 2
(287) 5
(288) 3
(289) 2
(290) 3
(291) 2
(292) 3
(293) 3
(294) 4
(295) 3
(296) 2
(297) 2
(298) 1
(299) 3
(302) 4
(303) 4
(305) 4
(306) 3
(307) 4
(308) 4
(309) 1
(310) 3
(311) 2
(312) 5
(313) 2
(314) 1
(315) 4
(316) 4
(317) 5
(318) 6
(319) 2
(320) 3
(321) 6
(322) 2
(323) 2
(324) 5
(325) 5
(326) 4
(327) 2
(328) 5
(329) 3
(330) 2
(331) 1
(332) 7
(333) 2
(334) 3
(335) 2
(336) 3
(337) 5
(338) 4
(340) 3
(341) 5
(342) 3
(343) 2
(344) 2
(345) 4
(346) 4
(347) 5
(348) 3
(349) 4
(350) 1
(351) 1
(352) 1
(353) 1
(355) 4
(356) 2
(357) 2
(359) 1
(360) 2
(361) 2
(362) 2
(363) 2
(364) 1
(365) 4
(366) 6
(368) 8
(369) 2
(370) 1
(371) 2
(372) 2
(374) 2
(375) 3
(376) 5
(377) 1
(378) 2
(379) 2
(380) 2
(381) 1
(382) 3
(383) 3
(384) 3
(386) 1
(387) 3
(389) 2
(390) 4
(391) 1
(393) 2
(394) 5
(395) 1
(397) 2
(398) 3
(399) 4
(400) 2
(401) 1
(402) 1
(403) 5
(404) 1
(405) 1
(406) 3
(407) 3
(408) 4
(409) 1
(410) 2
(411) 1
(412) 1
(413) 1
(414) 4
(415) 2
(416) 1
(417) 2
(419) 2
(420) 4
(421) 2
(422) 2
(424) 2
(425) 2
(426) 1
(428) 1
(430) 2
(431) 4
(432) 3
(433) 2
(435) 2
(436) 2
(437) 2
(438) 4
(440) 2
(443) 1
(444) 1
(445) 1
(446) 1
(447) 2
(448) 1
(449) 2
(450) 2
(451) 3
(452) 2
(454) 2
(455) 1
(456) 2
(457) 2
(458) 1
(460) 1
(461) 5
(462) 4
(463) 2
(464) 6
(465) 2
(466) 2
(467) 4
(469) 2
(470) 2
(471) 3
(472) 2
(474) 2
(475) 2
(476) 2
(478) 2
(479) 1
(480) 2
(481) 4
(482) 2
(483) 2
(484) 1
(485) 1
(486) 4
(487) 1
(488) 2
(489) 2
(490) 2
(491) 3
(492) 1
(493) 5
(494) 3
(495) 2
(496) 1
(497) 2
(499) 1
(501) 2
(502) 1
(504) 2
(505) 2
(507) 2
(513) 2
(514) 2
(515) 1
(517) 5
(518) 2
(520) 5
(522) 1
(523) 2
(525) 1
(526) 1
(527) 3
(528) 2
(529) 3
(530) 2
(531) 1
(532) 2
(534) 3
(535) 1
(536) 2
(537) 2
(538) 1
(540) 2
(541) 1
(544) 3
(546) 1
(547) 2
(549) 1
(551) 1
(552) 2
(553) 3
(554) 1
(555) 2
(556) 1
(557) 4
(558) 1
(559) 2
(560) 2
(561) 1
(562) 4
(563) 1
(564) 4
(565) 1
(566) 2
(568) 1
(570) 1
(572) 1
(573) 1
(574) 1
(575) 2
(578) 2
(580) 1
(581) 1
(584) 1
(585) 1
(587) 2
(588) 1
(589) 1
(591) 1
(592) 1
(593) 1
(595) 3
(596) 2
(597) 1
(599) 1
(603) 1
(604) 1
(605) 1
(606) 4
(607) 1
(610) 2
(613) 1
(614) 2
(615) 1
(616) 2
(617) 1
(620) 1
(622) 2
(624) 1
(625) 1
(635) 1
(636) 1
(637) 1
(639) 2
(640) 2
(641) 1
(646) 1
(648) 2
(649) 1
(650) 1
(651) 1
(654) 1
(656) 2
(658) 2
(659) 1
(661) 1
(663) 1
(665) 1
(666) 2
(667) 1
(669) 1
(671) 3
(673) 1
(674) 1
(677) 2
(682) 1
(684) 2
(685) 2
(686) 1
(687) 1
(688) 2
(690) 2
(691) 2
(692) 1
(693) 1
(694) 1
(698) 2
(699) 2
(700) 1
(704) 1
(705) 1
(706) 1
(708) 3
(712) 2
(714) 1
(715) 2
(716) 2
(717) 2
(718) 2
(719) 1
(720) 1
(721) 2
(722) 1
(723) 3
(724) 2
(725) 3
(726) 3
(727) 2
(728) 2
(729) 2
(730) 2
(731) 2
(733) 4
(734) 2
(735) 1
(736) 2
(737) 6
(738) 3
(739) 4
(740) 1
(741) 2
(743) 4
(744) 4
(745) 1
(746) 5
(748) 2
(749) 3
(750) 2
(751) 4
(752) 2
(754) 5
(755) 2
(756) 3
(757) 1
(759) 1
(760) 3
(761) 2
(762) 2
(763) 4
(764) 6
(765) 3
(767) 2
(768) 1
(769) 1
(770) 1
(771) 3
(772) 2
(773) 1
(774) 2
(775) 1
(776) 2
(777) 1
(778) 2
(779) 2
(780) 4
(782) 2
(783) 3
(784) 3
(785) 1
(786) 3
(787) 3
(788) 2
(789) 3
(791) 1
(792) 2
(793) 2
(794) 2
(795) 1
(796) 2
(800) 2
(801) 1
(807) 2
(810) 3
(813) 1
(814) 7
(816) 1
(817) 2
(818) 1
(820) 1
(824) 1
(825) 1
(826) 1
(829) 2
(831) 1
(834) 1
(838) 2
(844) 1
(845) 1
(849) 1
(850) 1
(852) 1
(853) 1
(859) 2
(861) 2
(865) 2
(867) 1
(868) 2
(871) 1
(872) 1
(879) 2
(880) 1
(881) 1
(883) 1
(884) 1
(885) 1
(886) 2
(892) 1
(899) 1
(904) 1
(909) 1
(913) 1
(923) 2
(934) 1
(935) 1
(939) 1
(940) 1
(942) 1
(951) 1
(955) 1
(958) 1
(967) 1
(985) 1
(990) 2
(1011) 1
(1013) 1
(1018) 1
(1020) 1
(1031) 1
(1032) 1
(1041) 1
(1045) 1
(1061) 1
(1066) 1
(1067) 1
(1074) 1
(1075) 1
(1076) 2
(1079) 1
(1092) 1
(1103) 1
(1121) 1
(1128) 1
(1147) 1
(1152) 1
(1155) 2
(1166) 1
(1168) 1
(1178) 1
(1180) 1
(1186) 1
(1190) 1
(1206) 1
(1217) 1
(1246) 1
(1254) 1
(1267) 1
(1276) 1
(1278) 1
(1280) 1
(1283) 1
(1285) 1
(1295) 1
(1298) 1
(1305) 1
(1324) 1
(1327) 1
(1328) 1
(1345) 1
(1350) 1
(1354) 1
(1369) 1
(1377) 1
(1408) 1
(1409) 1
(1415) 2
(1425) 1
(1448) 1
(1451) 1
(1462) 1
(1465) 1
(1472) 1
(1475) 1
(1486) 1
(1556) 1
(1648) 1
(1659) 1
(1662) 1
(1706) 1
(1749) 1
(1768) 1
(2002) 1
(2007) 1
(2008) 1
(2246) 1
(2304) 1
(2354) 1
(2380) 1
(2598) 1
(2722) 1
(2781) 1
(2800) 1
(2838) 1
(3148) 1
(3326) 1
(3417) 1
(3434) 1
(3586) 1
(3857) 1
(4087) 1
(4562) 1
(5039) 1
(5494) 1
(5674) 1
(6190) 1
(6830) 1
(6880) 1
(7252) 1
(7285) 1
(7428) 1
(7968) 1
(8114) 1
(8454) 1
(9682) 1
(10300) 1
(10480) 1
(10534) 1
(10614) 1
(10663) 1
(10922) 70
(-1) -1
"BGO_ModID00_ChID05" (11000)
Fri Aug 30 18:50:34 2019
 3
1 long 
("BGOarray.raw.chanid005.adc")
(0 33000) 
--------------------------------------------
(0) 429
(1) 1
(2) 2
(3) 1
(4) 7
(5) 3
(6) 5
(7) 8
(8) 3
(9) 1
(10) 1
(11) 3
(12) 2
(13) 2
(14) 2
(16) 1
(18) 1
(19) 2
(20) 2
(21) 2
(22) 4
(23) 10
(24) 8
(25) 13
(26) 15
(27) 12
(28) 8
(29) 10
(30) 10
(31) 8
(32) 5
(33) 8
(34) 6
(35) 4
(36) 7
(37) 5
(38) 3
(39) 3
(40) 2
(41) 2
(42) 1
(43) 3
(44) 1
(45) 5
(46) 2
(47) 2
(48) 1
(51) 3
(52) 1
(53) 1
(54) 1
(55) 1
(58) 2
(60) 1
(61) 2
(69) 1
(74) 1
(77) 1
(79) 3
(86) 3
(87) 2
(88) 4
(89) 2
(90) 2
(91) 4
(93) 2
(94) 1
(95) 4
(96) 2
(98) 4
(99) 1
(100) 5
(101) 2
(102) 6
(103) 5
(104) 6
(105) 2
(106) 4
(107) 4
(108) 2
(109) 5
(110) 3
(111) 3
(112) 4
(113) 4
(114) 7
(115) 9
(116) 3
(117) 7
(118) 6
(119) 3
(120) 2
(121) 5
(122) 7
(123) 5
(124) 10
(125) 3
(126) 12
(127) 7
(128) 8
(129) 5
(130) 2
(131) 6
(132) 7
(133) 3
(134) 5
(135) 8
(136) 3
(137) 3
(138) 5
(139) 10
(140) 8
(141) 6
(142) 5
(143) 5
(144) 12
(145) 6
(146) 3
(147) 2
(148) 2
(149) 9
(150) 12
(151) 5
(152) 8
(153) 2
(154) 5
(155) 9
(156) 8
(157) 9
(158) 6
(159) 6
(160) 7
(161) 4
(162) 3
(163) 6
(164) 2
(165) 5
(166) 4
(167) 3
(168) 2
(169) 1
(170) 5
(171) 5
(172) 4
(173) 3
(174) 3
(175) 7
(176) 8
(177) 3
(178) 3
(179) 5
(180) 7
(181) 5
(182) 4
(183) 4
(184) 5
(185) 4
(186) 3
(187) 3
(188) 5
(189) 6
(190) 4
(191) 4
(192) 4
(193) 3
(194) 2
(195) 3
(196) 2
(197) 3
(198) 2
(199) 1
(200) 3
(201) 6
(202) 7
(203) 8
(204) 2
(205) 6
(206) 2
(207) 4
(208) 3
(209) 2
(210) 5
(211) 5
(212) 1
(213) 7
(214) 5
(215) 3
(216) 1
(217) 4
(218) 4
(219) 5
(220) 6
(221) 5
(222) 8
(223) 1
(224) 2
(225) 5
(226) 4
(227) 5
(228) 2
(229) 2
(230) 4
(231) 3
(232) 6
(233) 5
(234) 2
(235) 8
(236) 5
(237) 5
(238) 7
(239) 3
(240) 1
(241) 5
(242) 4
(243) 3
(244) 3
(245) 7
(246) 3
(247) 8
(248) 6
(249) 6
(250) 7
(251) 4
(252) 7
(253) 1
(254) 5
(255) 5
(256) 3
(257) 4
(258) 7
(259) 5
(260) 5
(261) 3
(262) 2
(263) 7
(264) 5
(265) 2
(266) 2
(267) 9
(268) 5
(269) 2
(270) 5
(271) 5
(272) 3
(273) 6
(274) 7
(275) 4
(276) 2
(277) 5
(278) 4
(279) 5
(280) 2
(281) 6
(282) 4
(283) 5
(284) 8
(285) 2
(286) 3
(287) 2
(288) 2
(289) 3
(290) 4
(291) 3
(292) 5
(293) 2
(294) 7
(295) 3
(296) 4
(297) 4
(298) 3
(299) 1
(300) 1
(302) 8
(303) 3
(304) 4
(305) 5
(306) 6
(307) 1
(308) 3
(309) 9
(310) 2
(311) 2
(312) 7
(313) 9
(314) 3
(315) 2
(316) 5
(317) 4
(318) 4
(319) 5
(320) 4
(321) 2
(322) 6
(323) 2
(324) 2
(325) 2
(327) 1
(328) 4
(329) 4
(330) 2
(331) 6
(332) 1
(333) 2
(334) 4
(335) 5
(336) 6
(337) 7
(338) 4
(339) 1
(340) 4
(341) 3
(342) 2
(343) 5
(345) 4
(346) 3
(347) 6
(349) 2
(350) 3
(351) 1
(352) 1
(353) 2
(354) 1
(355) 4
(357) 3
(358) 2
(359) 6
(360) 3
(361) 3
(362) 3
(363) 5
(364) 4
(365) 4
(366) 3
(367) 4
(368) 2
(369) 3
(370) 3
(372) 3
(373) 3
(375) 5
(376) 3
(378) 5
(379) 1
(380) 2
(381) 2
(382) 4
(383) 5
(384) 3
(385) 2
(386) 2
(387) 3
(388) 2
(389) 1
(391) 2
(392) 5
(393) 3
(394) 3
(395) 3
(396) 2
(397) 3
(398) 3
(399) 3
(400) 1
(401) 2
(402) 1
(403) 1
(404) 1
(405) 2
(406) 3
(407) 4
(408) 2
(410) 1
(411) 5
(412) 3
(414) 3
(415) 5
(416) 6
(417) 4
(418) 2
(419) 3
(420) 2
(421) 2
(422) 1
(423) 3
(424) 3
(425) 2
(426) 3
(427) 4
(428) 5
(429) 3
(431) 2
(432) 3
(433) 2
(435) 7
(436) 4
(437) 2
(438) 2
(439) 4
(440) 2
(441) 3
(442) 4
(443) 2
(444) 4
(445) 2
(446) 1
(447) 1
(448) 5
(449) 5
(450) 3
(451) 3
(453) 4
(454) 1
(455) 2
(456) 2
(457) 2
(458) 4
(459) 2
(460) 2
(462) 5
(463) 2
(464) 2
(466) 3
(467) 1
(468) 5
(470) 1
(471) 1
(472) 3
(473) 4
(474) 4
(476) 8
(477) 2
(478) 3
(479) 2
(480) 3
(481) 2
(482) 2
(483) 1
(485) 3
(486) 1
(487) 1
(489) 3
(491) 3
(492) 1
(493) 1
(494) 4
(495) 3
(496) 4
(497) 3
(499) 2
(500) 2
(503) 1
(504) 1
(505) 2
(507) 1
(508) 1
(509) 2
(510) 2
(511) 4
(512) 2
(513) 2
(514) 4
(515) 1
(516) 3
(517) 2
(519) 1
(520) 1
(521) 1
(522) 3
(524) 1
(525) 1
(526) 3
(527) 3
(528) 2
(529) 2
(530) 1
(532) 2
(533) 2
(534) 1
(535) 1
(537) 1
(538) 1
(539) 1
(541) 3
(542) 1
(543) 6
(544) 3
(545) 1
(546) 1
(548) 3
(549) 1
(550) 2
(551) 1
(552) 3
(553) 1
(554) 2
(555) 2
(556) 2
(558) 3
(560) 3
(561) 1
(562) 2
(563) 2
(564) 3
(565) 1
(566) 3
(567) 1
(568) 3
(569) 1
(570) 1
(571) 2
(572) 3
(573) 4
(574) 2
(575) 1
(576) 2
(577) 1
(578) 1
(579) 1
(583) 2
(584) 1
(585) 1
(587) 2
(588) 2
(589) 2
(592) 2
(593) 2
(594) 8
(596) 2
(597) 1
(600) 1
(601) 2
(602) 2
(603) 1
(604) 3
(605) 1
(606) 2
(608) 2
(609) 2
(610) 1
(612) 2
(615) 2
(616) 1
(617) 1
(618) 1
(620) 1
(622) 2
(623) 1
(625) 2
(629) 1
(633) 2
(635) 3
(639) 3
(641) 1
(642) 1
(644) 2
(646) 2
(647) 2
(648) 2
(649) 1
(650) 1
(651) 3
(652) 1
(653) 1
(654) 1
(656) 1
(657) 4
(658) 1
(660) 2
(661) 1
(665) 2
(666) 2
(667) 3
(668) 1
(669) 3
(671) 1
(672) 1
(674) 1
(675) 2
(676) 2
(679) 1
(680) 1
(681) 1
(682) 3
(684) 1
(685) 2
(686) 1
(687) 2
(688) 1
(689) 1
(690) 3
(691) 3
(692) 5
(694) 3
(695) 1
(696) 4
(697) 2
(698) 2
(699) 1
(700) 2
(701) 1
(702) 3
(703) 4
(704) 2
(705) 1
(706) 3
(710) 3
(711) 1
(712) 3
(713) 4
(714) 3
(715) 2
(717) 1
(718) 3
(719) 2
(720) 3
(721) 2
(722) 6
(723) 4
(724) 2
(725) 2
(726) 4
(727) 2
(728) 2
(730) 3
(731) 1
(732) 2
(733) 2
(734) 1
(735) 1
(736) 3
(737) 6
(738) 3
(739) 1
(740) 2
(741) 1
(742) 1
(743) 1
(744) 6
(745) 2
(746) 1
(747) 3
(748) 5
(749) 3
(750) 2
(751) 7
(752) 2
(753) 2
(754) 1
(755) 2
(756) 2
(758) 1
(759) 5
(760) 2
(761) 1
(764) 5
(765) 5
(766) 3
(768) 4
(769) 3
(770) 1
(771) 1
(772) 2
(774) 2
(776) 1
(779) 1
(780) 2
(781) 1
(782) 1
(783) 1
(785) 3
(786) 2
(787) 2
(788) 2
(791) 1
(793) 2
(795) 2
(797) 1
(798) 1
(803) 1
(804) 3
(805) 1
(806) 1
(810) 1
(812) 1
(813) 1
(814) 1
(816) 1
(823) 1
(824) 1
(825) 1
(828) 2
(836) 1
(839) 1
(840) 1
(842) 1
(844) 1
(846) 1
(847) 2
(849) 1
(850) 1
(851) 2
(852) 1
(856) 1
(858) 2
(860) 1
(861) 3
(862) 1
(873) 1
(874) 1
(876) 2
(879) 1
(881) 1
(890) 1
(893) 1
(898) 1
(900) 2
(905) 2
(912) 1
(914) 1
(916) 1
(921) 3
(923) 1
(927) 1
(928) 1
(930) 1
(938) 1
(945) 1
(948) 1
(951) 1
(953) 1
(958) 1
(960) 2
(964) 1
(970) 1
(972) 1
(975) 1
(977) 1
(979) 1
(988) 1
(990) 2
(992) 1
(996) 1
(1011) 1
(1017) 1
(1028) 2
(1030) 1
(1031) 1
(1041) 2
(1045) 1
(1071) 1
(1072) 1
(1077) 1
(1078) 1
(1085) 1
(1098) 1
(1109) 1
(1110) 1
(1116) 1
(1123) 1
(1124) 1
(1125) 1
(1168) 1
(1204) 1
(1211) 1
(1214) 1
(1219) 1
(1223) 1
(1224) 1
(1225) 1
(1238) 1
(1239) 1
(1247) 1
(1249) 1
(1250) 1
(1261) 1
(1267) 1
(1273) 1
(1275) 1
(1276) 1
(1283) 2
(1288) 1
(1300) 1
(1311) 2
(1316) 1
(1322) 1
(1323) 1
(1326) 2
(1343) 1
(1344) 1
(1360) 1
(1363) 1
(1385) 1
(1387) 1
(1393) 1
(1425) 1
(1440) 1
(1473) 1
(1483) 1
(1625) 1
(1740) 1
(1856) 1
(1967) 1
(2021) 1
(2212) 1
(2251) 1
(2383) 1
(2440) 1
(2477) 1
(2673) 1
(2805) 1
(2939) 1
(2971) 1
(3020) 1
(3086) 1
(3096) 1
(3283) 1
(3338) 1
(3669) 1
(3675) 1
(3836) 1
(3839) 1
(3895) 1
(3902) 1
(4061) 1
(4218) 1
(4256) 1
(4398) 1
(4423) 1
(4444) 1
(4466) 1
(4509) 1
(4545) 1
(4629) 1
(4644) 1
(4652) 1
(4870) 1
(5056) 1
(5116) 1
(5242) 1
(5312) 1
(5326) 1
(5734) 1
(5973) 1
(6593) 1
(6683) 1
(6942) 1
(7428) 1
(7582) 1
(7955) 1
(8010) 1
(8126) 1
(9023) 1
(9304) 1
(9545) 1
(10922) 59
(-1) -1
"BGO_ModID00_ChID06" (11000)
Fri Aug 30 18:50:34 2019
 3
1 long 
("BGOarray.raw.chanid006.adc")
(0 33000) 
--------------------------------------------
(0) 222
(1) 1
(2) 4
(3) 6
(4) 8
(5) 9
(6) 11
(7) 6
(8) 4
(9) 6
(10) 3
(11) 4
(12) 6
(13) 3
(14) 4
(15) 4
(16) 5
(17) 2
(18) 4
(19) 7
(20) 9
(21) 2
(22) 9
(23) 22
(24) 37
(25) 41
(26) 37
(27) 37
(28) 32
(29) 29
(30) 26
(31) 16
(32) 20
(33) 16
(34) 15
(35) 11
(36) 7
(37) 3
(38) 6
(39) 5
(40) 2
(41) 3
(42) 5
(43) 3
(44) 2
(45) 2
(46) 3
(47) 1
(48) 1
(49) 2
(51) 2
(52) 2
(54) 1
(58) 1
(59) 1
(60) 1
(61) 1
(73) 1
(74) 1
(78) 1
(79) 1
(82) 1
(84) 1
(89) 1
(90) 1
(93) 4
(95) 1
(100) 1
(101) 3
(102) 3
(104) 3
(105) 2
(107) 1
(108) 2
(109) 2
(110) 2
(111) 3
(113) 1
(114) 5
(115) 1
(116) 2
(117) 1
(118) 4
(119) 2
(120) 2
(121) 1
(122) 3
(123) 2
(124) 2
(125) 4
(126) 3
(127) 1
(128) 1
(129) 4
(130) 5
(131) 2
(132) 1
(134) 1
(135) 2
(136) 1
(137) 3
(138) 3
(139) 3
(140) 2
(141) 4
(142) 3
(143) 2
(144) 3
(145) 1
(146) 2
(147) 3
(148) 1
(149) 6
(150) 3
(151) 3
(152) 3
(153) 3
(154) 2
(155) 1
(156) 2
(158) 2
(159) 3
(160) 2
(161) 4
(162) 2
(163) 2
(164) 2
(165) 1
(166) 3
(168) 2
(169) 3
(171) 3
(172) 2
(173) 1
(174) 4
(175) 1
(176) 1
(177) 4
(178) 2
(179) 1
(180) 2
(181) 1
(183) 7
(185) 6
(187) 1
(188) 2
(189) 2
(190) 6
(191) 1
(192) 1
(193) 1
(194) 1
(196) 1
(197) 1
(198) 2
(199) 2
(200) 3
(201) 4
(202) 1
(203) 3
(204) 1
(205) 2
(207) 1
(208) 2
(210) 1
(211) 4
(212) 2
(213) 2
(214) 2
(215) 3
(216) 1
(217) 4
(218) 3
(219) 4
(220) 4
(221) 3
(222) 4
(223) 5
(224) 6
(225) 3
(226) 4
(227) 4
(228) 3
(229) 4
(230) 3
(231) 3
(232) 2
(233) 2
(234) 2
(235) 2
(237) 3
(238) 4
(239) 1
(240) 3
(241) 1
(242) 3
(243) 2
(244) 2
(245) 1
(246) 1
(247) 1
(248) 2
(249) 2
(250) 1
(251) 2
(252) 1
(253) 3
(254) 6
(255) 4
(256) 2
(257) 1
(258) 4
(259) 3
(260) 3
(261) 4
(262) 2
(263) 2
(264) 3
(265) 2
(266) 1
(268) 4
(269) 7
(270) 2
(271) 5
(273) 1
(274) 7
(275) 2
(276) 1
(277) 1
(278) 2
(279) 1
(281) 7
(282) 1
(283) 5
(284) 3
(285) 1
(286) 1
(287) 4
(288) 3
(289) 6
(290) 4
(291) 3
(292) 7
(293) 3
(294) 1
(295) 1
(296) 3
(297) 4
(298) 2
(299) 4
(300) 4
(301) 4
(302) 2
(303) 1
(304) 2
(305) 2
(306) 4
(307) 1
(308) 3
(309) 2
(310) 3
(311) 3
(312) 2
(313) 3
(314) 2
(315) 3
(316) 4
(318) 1
(319) 4
(320) 2
(321) 3
(322) 5
(323) 2
(324) 3
(325) 1
(326) 2
(327) 1
(329) 4
(330) 5
(331) 5
(332) 3
(333) 3
(334) 2
(335) 2
(336) 1
(338) 3
(339) 6
(340) 1
(341) 1
(342) 4
(343) 1
(344) 4
(345) 2
(346) 1
(348) 4
(349) 2
(350) 3
(351) 5
(352) 2
(353) 2
(354) 3
(356) 2
(358) 2
(359) 2
(360) 1
(361) 1
(362) 1
(363) 1
(364) 3
(368) 2
(369) 3
(371) 2
(372) 4
(373) 1
(374) 3
(376) 2
(377) 2
(378) 1
(379) 6
(380) 2
(381) 3
(383) 1
(384) 1
(385) 2
(386) 2
(387) 1
(388) 4
(390) 2
(391) 1
(392) 1
(393) 1
(394) 3
(395) 1
(397) 2
(398) 2
(399) 4
(400) 2
(401) 4
(402) 1
(403) 2
(404) 1
(405) 2
(407) 2
(408) 1
(409) 3
(410) 2
(412) 3
(413) 4
(414) 2
(415) 3
(416) 4
(417) 2
(418) 1
(419) 3
(420) 3
(421) 1
(422) 2
(423) 3
(425) 4
(428) 1
(429) 1
(430) 3
(432) 2
(433) 3
(434) 2
(435) 2
(436) 2
(437) 5
(438) 1
(439) 3
(440) 1
(442) 1
(443) 2
(444) 2
(445) 1
(447) 2
(448) 1
(449) 1
(450) 3
(451) 3
(452) 1
(453) 1
(454) 1
(455) 2
(457) 2
(458) 6
(459) 2
(460) 2
(461) 2
(462) 1
(463) 1
(464) 1
(465) 1
(466) 3
(467) 1
(469) 1
(470) 2
(471) 1
(472) 1
(473) 3
(474) 1
(477) 1
(478) 2
(481) 2
(482) 1
(484) 1
(485) 3
(486) 2
(487) 3
(488) 7
(490) 2
(491) 3
(494) 3
(495) 2
(496) 2
(497) 3
(499) 3
(500) 1
(501) 3
(502) 4
(503) 1
(504) 3
(505) 1
(506) 2
(507) 2
(508) 1
(510) 4
(512) 3
(513) 1
(514) 2
(515) 1
(518) 2
(521) 1
(522) 1
(523) 2
(525) 3
(526) 2
(528) 2
(529) 2
(530) 1
(531) 2
(533) 3
(534) 1
(535) 2
(538) 2
(539) 1
(540) 1
(541) 4
(542) 1
(543) 1
(544) 3
(545) 1
(547) 1
(548) 1
(549) 1
(550) 1
(551) 1
(552) 2
(553) 1
(555) 1
(556) 3
(557) 1
(558) 2
(559) 1
(562) 2
(563) 1
(564) 1
(566) 2
(567) 1
(571) 1
(572) 3
(573) 1
(574) 1
(576) 1
(578) 1
(579) 2
(581) 2
(582) 3
(583) 1
(584) 2
(585) 1
(586) 1
(587) 1
(588) 1
(589) 2
(591) 2
(593) 1
(595) 1
(596) 1
(597) 1
(598) 2
(599) 2
(600) 1
(602) 2
(603) 2
(604) 1
(605) 1
(608) 1
(609) 1
(611) 2
(612) 1
(613) 2
(614) 1
(615) 1
(616) 2
(617) 3
(618) 1
(619) 3
(621) 1
(622) 1
(623) 1
(624) 1
(626) 1
(627) 1
(628) 1
(629) 2
(631) 1
(632) 1
(633) 2
(634) 1
(637) 1
(642) 1
(643) 1
(644) 1
(645) 1
(646) 1
(647) 2
(649) 1
(650) 1
(652) 2
(654) 3
(657) 2
(658) 1
(665) 1
(667) 2
(668) 1
(669) 1
(670) 2
(673) 1
(676) 1
(678) 1
(679) 1
(682) 2
(683) 2
(684) 1
(685) 2
(687) 1
(688) 1
(691) 2
(693) 1
(694) 2
(695) 3
(696) 1
(698) 2
(700) 2
(701) 2
(702) 1
(704) 1
(705) 2
(707) 1
(708) 1
(709) 1
(714) 1
(717) 1
(718) 1
(719) 2
(720) 1
(721) 1
(722) 3
(723) 2
(725) 2
(726) 2
(728) 2
(729) 2
(730) 2
(732) 1
(735) 2
(736) 3
(737) 2
(738) 2
(739) 3
(740) 1
(741) 3
(742) 1
(743) 2
(744) 3
(747) 1
(748) 1
(749) 3
(750) 2
(751) 2
(752) 1
(753) 1
(754) 2
(755) 1
(756) 2
(757) 2
(758) 3
(759) 1
(760) 2
(761) 2
(762) 2
(763) 1
(764) 2
(765) 2
(766) 3
(767) 1
(768) 2
(769) 1
(770) 1
(771) 4
(773) 2
(774) 2
(776) 2
(777) 1
(778) 1
(779) 2
(780) 3
(781) 5
(782) 1
(784) 1
(785) 2
(786) 2
(787) 1
(788) 2
(790) 2
(793) 1
(794) 2
(796) 1
(797) 1
(799) 3
(800) 2
(801) 1
(802) 1
(803) 2
(804) 2
(806) 2
(807) 2
(808) 2
(809) 1
(810) 1
(811) 1
(816) 1
(817) 1
(818) 2
(821) 1
(822) 2
(825) 1
(826) 1
(827) 1
(832) 1
(834) 2
(835) 1
(836) 1
(840) 1
(846) 1
(848) 1
(849) 1
(851) 1
(853) 1
(857) 1
(860) 2
(861) 1
(866) 1
(869) 1
(870) 1
(871) 1
(874) 2
(879) 1
(881) 1
(889) 1
(890) 1
(891) 1
(892) 1
(902) 1
(904) 1
(906) 1
(908) 1
(912) 1
(913) 1
(915) 1
(929) 1
(930) 2
(932) 1
(935) 1
(938) 1
(947) 1
(949) 1
(950) 2
(953) 1
(955) 1
(968) 1
(1001) 1
(1009) 1
(1014) 1
(1017) 1
(1026) 2
(1030) 1
(1035) 1
(1039) 1
(1040) 1
(1054) 2
(1100) 1
(1104) 1
(1105) 1
(1111) 1
(1130) 1
(1143) 1
(1147) 1
(1155) 1
(1181) 1
(1225) 1
(1240) 1
(1252) 1
(1255) 1
(1267) 1
(1278) 1
(1279) 1
(1302) 1
(1321) 2
(1325) 1
(1331) 1
(1339) 1
(1353) 1
(1359) 1
(1366) 1
(1371) 1
(1383) 1
(1407) 1
(1409) 1
(1412) 1
(1424) 1
(1463) 1
(1474) 1
(1484) 1
(1522) 1
(1755) 1
(1765) 1
(1884) 1
(1949) 1
(2067) 1
(2078) 1
(2228) 1
(2311) 1
(2422) 1
(2503) 1
(2522) 1
(2932) 1
(3444) 1
(3476) 1
(3536) 1
(3669) 1
(3689) 1
(4080) 1
(4265) 1
(4335) 1
(4633) 1
(4796) 1
(5192) 1
(5288) 1
(5647) 1
(5760) 1
(5874) 1
(6209) 1
(7698) 1
(8259) 1
(8586) 1
(8815) 1
(9020) 1
(10044) 1
(10190) 1
(10488) 1
(10662) 1
(10801) 1
(10922) 75
(-1) -1
"BGO_ModID00_ChID07" (11000)
Fri Aug 30 18:50:34 2019
 3
1 long 
("BGOarray.raw.chanid007.adc")
(0 33000) 
--------------------------------------------
(0) 253
(1) 9
(2) 19
(3) 26
(4) 19
(5) 28
(6) 15
(7) 17
(8) 11
(9) 11
(10) 12
(11) 17
(12) 14
(13) 15
(14) 10
(15) 12
(16) 12
(17) 16
(18) 8
(19) 26
(20) 17
(21) 30
(22) 37
(23) 59
(24) 110
(25) 157
(26) 140
(27) 139
(28) 115
(29) 100
(30) 84
(31) 73
(32) 48
(33) 53
(34) 48
(35) 36
(36) 31
(37) 27
(38) 22
(39) 25
(40) 28
(41) 23
(42) 18
(43) 14
(44) 17
(45) 20
(46) 14
(47) 6
(48) 7
(49) 6
(50) 11
(51) 9
(52) 9
(53) 8
(54) 4
(55) 5
(56) 6
(58) 3
(59) 5
(60) 3
(61) 1
(62) 5
(63) 2
(64) 3
(65) 3
(66) 5
(67) 8
(68) 6
(69) 3
(70) 2
(71) 2
(72) 3
(73) 2
(74) 3
(75) 6
(76) 1
(77) 1
(78) 3
(79) 4
(80) 3
(82) 2
(83) 2
(84) 1
(85) 2
(86) 1
(88) 5
(89) 4
(90) 2
(91) 1
(92) 4
(93) 3
(94) 1
(95) 1
(96) 1
(99) 2
(100) 2
(101) 2
(102) 2
(103) 5
(105) 2
(106) 2
(107) 6
(108) 3
(109) 2
(111) 4
(112) 4
(113) 5
(114) 5
(115) 1
(116) 1
(117) 4
(118) 6
(119) 1
(120) 4
(121) 2
(122) 2
(123) 3
(124) 6
(125) 6
(126) 4
(127) 2
(128) 2
(129) 2
(130) 2
(131) 3
(132) 3
(133) 6
(135) 2
(136) 2
(137) 5
(138) 2
(139) 4
(140) 4
(141) 3
(142) 3
(143) 2
(144) 4
(145) 1
(146) 3
(147) 3
(148) 7
(149) 4
(150) 5
(151) 2
(152) 1
(153) 4
(154) 1
(155) 2
(156) 3
(157) 4
(158) 3
(159) 5
(160) 4
(161) 4
(162) 3
(163) 5
(164) 3
(165) 1
(166) 5
(167) 5
(168) 2
(169) 2
(170) 1
(171) 3
(172) 3
(173) 2
(174) 6
(175) 2
(176) 5
(177) 5
(178) 2
(179) 5
(180) 2
(181) 2
(182) 3
(183) 3
(184) 1
(185) 1
(189) 3
(190) 2
(191) 1
(192) 2
(193) 3
(194) 4
(197) 5
(198) 3
(199) 2
(200) 3
(201) 1
(202) 1
(203) 4
(204) 5
(205) 4
(206) 1
(208) 2
(210) 2
(211) 4
(212) 4
(213) 5
(214) 3
(215) 1
(216) 1
(217) 2
(218) 3
(219) 2
(220) 3
(221) 4
(222) 2
(224) 3
(225) 1
(226) 1
(227) 3
(228) 3
(229) 1
(230) 3
(231) 4
(232) 4
(233) 1
(234) 1
(235) 2
(236) 4
(237) 2
(238) 2
(239) 2
(240) 4
(242) 1
(243) 2
(244) 4
(245) 4
(246) 1
(247) 1
(248) 2
(249) 1
(250) 2
(251) 1
(252) 3
(253) 1
(254) 2
(255) 4
(257) 1
(258) 1
(259) 6
(260) 6
(261) 3
(262) 3
(264) 2
(265) 2
(266) 2
(267) 2
(268) 6
(269) 2
(270) 2
(271) 3
(272) 5
(273) 6
(274) 3
(275) 3
(276) 3
(277) 2
(278) 2
(279) 1
(280) 1
(281) 3
(282) 4
(283) 7
(284) 1
(285) 1
(286) 4
(287) 3
(288) 3
(289) 4
(291) 1
(292) 4
(293) 2
(295) 3
(296) 5
(297) 2
(298) 1
(299) 2
(300) 5
(301) 7
(303) 4
(304) 2
(305) 2
(306) 2
(307) 3
(308) 2
(309) 1
(310) 4
(311) 1
(312) 4
(313) 5
(315) 3
(316) 4
(317) 4
(318) 4
(319) 2
(320) 3
(321) 3
(322) 2
(323) 3
(324) 2
(325) 3
(326) 2
(327) 2
(328) 4
(329) 2
(330) 6
(331) 4
(332) 2
(334) 4
(335) 3
(336) 5
(337) 5
(338) 3
(339) 2
(340) 1
(341) 3
(342) 4
(343) 6
(344) 3
(345) 3
(346) 3
(347) 3
(348) 3
(349) 2
(350) 2
(352) 2
(353) 1
(354) 2
(355) 2
(356) 7
(357) 3
(358) 2
(359) 2
(360) 3
(362) 4
(363) 2
(364) 3
(365) 1
(366) 2
(367) 2
(368) 1
(369) 5
(371) 3
(372) 2
(373) 3
(374) 1
(375) 3
(376) 2
(378) 3
(379) 1
(380) 2
(381) 1
(382) 3
(383) 4
(384) 3
(385) 2
(386) 1
(388) 1
(390) 3
(391) 3
(392) 5
(393) 3
(394) 1
(395) 3
(397) 2
(398) 1
(399) 2
(400) 1
(401) 2
(402) 3
(403) 1
(404) 1
(405) 1
(406) 2
(407) 3
(408) 2
(409) 2
(410) 2
(411) 1
(412) 4
(413) 2
(414) 1
(415) 1
(416) 3
(418) 1
(419) 2
(420) 2
(422) 2
(423) 6
(424) 1
(425) 2
(426) 3
(427) 2
(428) 1
(429) 2
(430) 3
(431) 2
(432) 2
(433) 2
(434) 1
(435) 5
(436) 1
(437) 2
(439) 5
(441) 1
(442) 1
(444) 2
(445) 1
(446) 1
(447) 2
(448) 1
(449) 4
(450) 3
(451) 3
(453) 1
(454) 1
(455) 1
(456) 2
(458) 2
(459) 4
(460) 3
(462) 2
(463) 4
(464) 3
(467) 3
(469) 3
(470) 2
(472) 1
(474) 4
(475) 1
(477) 1
(478) 1
(479) 3
(480) 1
(481) 1
(482) 1
(483) 2
(485) 1
(487) 2
(488) 3
(490) 2
(491) 1
(492) 2
(493) 3
(494) 1
(495) 4
(496) 1
(498) 1
(499) 1
(500) 2
(501) 4
(502) 2
(503) 3
(504) 3
(505) 3
(506) 1
(507) 1
(508) 2
(509) 4
(510) 2
(511) 5
(512) 2
(513) 2
(515) 2
(517) 1
(518) 1
(519) 2
(521) 2
(522) 1
(523) 2
(525) 4
(526) 2
(527) 1
(529) 2
(530) 2
(531) 1
(533) 3
(534) 1
(537) 1
(538) 4
(540) 2
(541) 1
(542) 1
(543) 2
(544) 1
(545) 1
(550) 2
(551) 1
(555) 3
(556) 1
(557) 2
(558) 1
(560) 1
(561) 2
(562) 1
(563) 2
(564) 1
(565) 1
(566) 4
(568) 1
(571) 2
(572) 2
(573) 3
(574) 1
(575) 2
(576) 3
(577) 1
(578) 2
(581) 4
(582) 3
(585) 2
(586) 1
(587) 1
(589) 2
(590) 2
(591) 2
(593) 2
(594) 2
(595) 1
(597) 1
(598) 2
(599) 3
(600) 1
(601) 3
(602) 2
(603) 1
(604) 1
(605) 2
(608) 4
(609) 2
(610) 3
(611) 2
(613) 1
(615) 1
(621) 1
(622) 4
(623) 1
(624) 2
(628) 2
(629) 1
(631) 1
(633) 3
(635) 1
(637) 1
(640) 1
(641) 1
(643) 1
(645) 2
(646) 1
(647) 1
(650) 1
(653) 1
(654) 1
(657) 1
(658) 2
(659) 1
(660) 2
(661) 1
(662) 1
(663) 1
(665) 1
(666) 1
(667) 1
(668) 1
(669) 4
(670) 2
(676) 1
(678) 1
(679) 2
(680) 3
(681) 1
(682) 1
(684) 2
(686) 2
(687) 1
(688) 2
(692) 1
(694) 2
(695) 1
(698) 1
(700) 1
(701) 1
(702) 3
(705) 1
(706) 1
(709) 1
(711) 1
(713) 1
(715) 2
(717) 3
(719) 2
(720) 1
(721) 1
(724) 1
(726) 1
(727) 1
(729) 1
(731) 1
(732) 2
(734) 1
(736) 1
(737) 1
(738) 1
(740) 3
(741) 1
(743) 1
(747) 2
(748) 3
(749) 1
(750) 1
(751) 1
(754) 1
(755) 2
(758) 3
(760) 1
(761) 2
(762) 1
(763) 1
(764) 1
(765) 1
(767) 2
(768) 1
(769) 2
(770) 3
(771) 1
(772) 1
(773) 4
(774) 2
(775) 2
(776) 2
(778) 1
(779) 1
(780) 1
(781) 1
(782) 2
(783) 1
(784) 3
(785) 2
(786) 2
(787) 2
(788) 2
(789) 6
(790) 7
(791) 2
(792) 3
(794) 2
(796) 2
(798) 2
(799) 2
(800) 5
(802) 3
(803) 3
(804) 2
(805) 1
(806) 1
(807) 1
(808) 3
(809) 1
(810) 2
(811) 5
(812) 3
(813) 1
(815) 2
(816) 1
(817) 4
(818) 1
(820) 1
(822) 1
(824) 2
(825) 2
(826) 6
(829) 1
(831) 3
(832) 1
(833) 2
(834) 1
(836) 2
(838) 4
(839) 1
(840) 2
(842) 2
(843) 1
(845) 1
(847) 1
(848) 2
(849) 2
(853) 2
(854) 1
(856) 2
(859) 2
(862) 1
(865) 3
(867) 1
(869) 1
(873) 2
(877) 1
(878) 1
(879) 1
(880) 1
(881) 1
(882) 1
(885) 1
(886) 1
(888) 1
(891) 1
(893) 1
(897) 1
(902) 1
(907) 1
(909) 2
(910) 1
(911) 1
(914) 1
(916) 1
(921) 1
(935) 1
(942) 1
(946) 1
(948) 1
(959) 1
(974) 2
(977) 1
(987) 1
(989) 1
(990) 1
(994) 1
(997) 1
(1001) 1
(1016) 1
(1017) 1
(1022) 1
(1034) 1
(1039) 1
(1041) 1
(1044) 1
(1061) 1
(1067) 1
(1078) 1
(1081) 1
(1084) 1
(1096) 1
(1138) 1
(1145) 1
(1146) 1
(1166) 1
(1168) 1
(1191) 2
(1202) 1
(1212) 1
(1218) 1
(1223) 1
(1237) 1
(1242) 1
(1245) 1
(1263) 1
(1275) 1
(1312) 1
(1342) 1
(1353) 1
(1376) 1
(1399) 1
(1405) 1
(1420) 1
(1421) 1
(1429) 1
(1433) 1
(1437) 1
(1447) 1
(1460) 1
(1461) 1
(1473) 1
(1492) 1
(1498) 1
(1510) 1
(1517) 1
(1542) 1
(1615) 1
(1624) 1
(1680) 1
(1736) 1
(1827) 1
(1951) 1
(1971) 1
(2112) 1
(2124) 1
(2256) 1
(2365) 1
(2509) 1
(2561) 1
(2756) 1
(2906) 1
(2945) 1
(3072) 1
(3144) 1
(3584) 1
(3862) 1
(4408) 1
(4641) 1
(4890) 1
(6060) 1
(6092) 1
(6463) 1
(6580) 1
(6906) 1
(6986) 1
(7204) 1
(7280) 1
(9413) 1
(9680) 1
(10030) 1
(10305) 1
(10509) 1
(10922) 77
(-1) -1
"BGO_ModID00_ChID08" (11000)
Fri Aug 30 18:50:34 2019
 3
1 long 
("BGOarray.raw.chanid008.adc")
(0 33000) 
--------------------------------------------
(0) 304
(1) 2
(2) 3
(3) 11
(4) 14
(5) 15
(6) 5
(7) 5
(8) 7
(9) 6
(10) 12
(11) 8
(12) 9
(13) 8
(14) 7
(15) 5
(16) 14
(17) 10
(18) 9
(19) 9
(20) 21
(21) 18
(22) 12
(23) 20
(24) 29
(25) 38
(26) 45
(27) 45
(28) 24
(29) 27
(30) 25
(31) 23
(32) 7
(33) 8
(34) 12
(35) 5
(36) 8
(37) 7
(38) 4
(39) 6
(40) 5
(41) 5
(42) 7
(43) 1
(44) 5
(47) 1
(48) 3
(49) 2
(50) 5
(52) 2
(53) 6
(54) 3
(55) 1
(56) 3
(57) 1
(58) 1
(59) 3
(60) 1
(62) 2
(63) 2
(66) 2
(67) 1
(68) 1
(70) 1
(76) 1
(80) 1
(81) 2
(82) 2
(83) 1
(84) 1
(85) 3
(89) 1
(90) 2
(91) 2
(92) 3
(93) 1
(94) 1
(95) 2
(96) 2
(97) 1
(98) 5
(99) 2
(100) 1
(101) 2
(102) 1
(103) 2
(104) 1
(105) 1
(106) 3
(107) 4
(108) 2
(109) 1
(110) 1
(111) 2
(112) 4
(113) 5
(114) 1
(115) 7
(116) 2
(117) 3
(118) 4
(119) 5
(120) 3
(121) 7
(122) 6
(123) 4
(124) 7
(125) 2
(126) 5
(127) 7
(128) 6
(129) 9
(130) 10
(131) 3
(132) 2
(133) 5
(134) 4
(135) 3
(136) 6
(137) 3
(138) 7
(139) 4
(140) 3
(141) 4
(142) 9
(143) 4
(144) 4
(145) 5
(146) 6
(147) 5
(148) 5
(149) 5
(150) 7
(151) 8
(152) 8
(153) 7
(154) 4
(155) 9
(156) 2
(157) 4
(158) 5
(159) 2
(160) 6
(161) 4
(162) 6
(163) 2
(164) 6
(165) 4
(166) 4
(167) 4
(168) 6
(169) 4
(170) 3
(171) 5
(172) 6
(173) 8
(174) 6
(175) 5
(176) 7
(177) 6
(178) 4
(179) 4
(180) 2
(181) 7
(182) 4
(183) 1
(184) 2
(186) 5
(187) 2
(188) 5
(189) 3
(190) 6
(191) 3
(192) 3
(193) 4
(194) 7
(195) 4
(196) 1
(197) 4
(198) 1
(199) 3
(201) 3
(202) 2
(203) 5
(204) 5
(205) 3
(206) 1
(207) 7
(208) 6
(209) 2
(210) 5
(211) 4
(212) 4
(213) 4
(214) 4
(215) 4
(216) 2
(218) 1
(219) 2
(220) 1
(221) 1
(222) 2
(223) 3
(224) 4
(225) 3
(226) 1
(227) 2
(228) 7
(229) 3
(230) 4
(231) 4
(232) 3
(233) 3
(234) 4
(235) 2
(236) 5
(237) 4
(238) 3
(239) 4
(240) 3
(241) 6
(242) 6
(243) 5
(244) 3
(245) 4
(246) 7
(247) 3
(248) 3
(249) 6
(250) 6
(251) 2
(252) 4
(253) 3
(254) 4
(255) 4
(256) 5
(257) 4
(258) 3
(259) 3
(260) 5
(261) 2
(262) 5
(263) 3
(264) 3
(265) 5
(266) 4
(267) 2
(268) 4
(269) 5
(270) 6
(271) 4
(272) 9
(273) 2
(274) 4
(275) 8
(276) 7
(277) 5
(278) 7
(279) 7
(280) 2
(281) 1
(282) 4
(283) 4
(284) 2
(285) 1
(286) 5
(287) 1
(288) 2
(289) 3
(290) 4
(292) 4
(293) 5
(294) 3
(295) 3
(296) 6
(297) 1
(298) 6
(299) 1
(300) 5
(301) 6
(302) 4
(303) 5
(304) 2
(305) 2
(306) 3
(307) 4
(308) 6
(309) 1
(310) 4
(312) 2
(313) 3
(314) 3
(315) 5
(316) 1
(318) 5
(319) 4
(320) 4
(321) 5
(322) 3
(323) 6
(324) 2
(325) 8
(326) 5
(327) 1
(328) 6
(329) 2
(330) 7
(331) 2
(332) 3
(333) 2
(335) 8
(337) 2
(338) 1
(339) 4
(340) 1
(341) 6
(342) 6
(343) 3
(344) 3
(345) 4
(346) 2
(347) 2
(348) 1
(349) 5
(350) 3
(351) 8
(352) 4
(353) 3
(354) 3
(355) 5
(356) 1
(357) 1
(358) 3
(359) 2
(360) 6
(361) 4
(362) 3
(363) 1
(364) 2
(365) 5
(366) 1
(367) 2
(368) 2
(370) 5
(371) 3
(372) 2
(373) 1
(374) 2
(375) 3
(376) 1
(377) 5
(378) 5
(379) 2
(380) 3
(381) 2
(382) 1
(384) 1
(385) 2
(386) 2
(387) 5
(388) 1
(389) 2
(390) 4
(391) 3
(392) 3
(393) 4
(394) 1
(395) 1
(396) 2
(397) 1
(398) 1
(400) 1
(402) 3
(403) 2
(404) 3
(405) 1
(406) 4
(407) 2
(409) 4
(410) 2
(411) 1
(412) 2
(413) 4
(414) 1
(416) 3
(417) 1
(418) 4
(419) 2
(420) 3
(421) 3
(422) 3
(425) 3
(426) 5
(427) 1
(428) 2
(429) 1
(430) 4
(431) 2
(432) 3
(433) 4
(434) 3
(435) 2
(436) 1
(437) 3
(438) 2
(439) 2
(440) 6
(441) 3
(442) 3
(443) 2
(444) 1
(445) 1
(446) 1
(447) 3
(448) 1
(449) 4
(450) 1
(451) 4
(452) 3
(453) 2
(454) 2
(455) 2
(456) 2
(457) 2
(458) 1
(460) 1
(462) 1
(463) 4
(464) 2
(465) 3
(466) 4
(467) 2
(468) 1
(469) 4
(470) 4
(471) 1
(474) 2
(475) 2
(476) 1
(477) 3
(478) 5
(479) 4
(480) 3
(481) 1
(482) 2
(483) 2
(484) 2
(485) 2
(486) 3
(487) 3
(488) 2
(489) 3
(491) 3
(492) 3
(493) 1
(494) 1
(496) 1
(497) 1
(498) 2
(499) 1
(500) 2
(501) 3
(502) 1
(503) 1
(504) 5
(505) 1
(507) 3
(508) 2
(509) 1
(510) 4
(511) 3
(512) 1
(513) 2
(515) 1
(517) 2
(518) 2
(519) 2
(520) 1
(522) 2
(523) 5
(524) 2
(525) 3
(526) 3
(527) 2
(530) 2
(532) 1
(533) 2
(535) 5
(536) 3
(537) 1
(538) 1
(539) 2
(540) 1
(541) 3
(542) 1
(543) 2
(546) 2
(547) 2
(549) 2
(550) 5
(551) 2
(553) 3
(554) 3
(555) 4
(556) 3
(557) 1
(558) 2
(559) 2
(560) 3
(562) 1
(563) 4
(564) 1
(566) 4
(567) 1
(568) 2
(571) 1
(572) 2
(573) 2
(574) 2
(575) 1
(576) 1
(577) 2
(578) 3
(579) 1
(580) 3
(581) 2
(582) 4
(583) 2
(588) 1
(589) 3
(591) 2
(594) 1
(597) 1
(599) 1
(600) 2
(601) 1
(602) 1
(603) 1
(604) 3
(606) 2
(607) 1
(609) 3
(610) 1
(611) 1
(612) 5
(613) 1
(614) 1
(615) 3
(618) 1
(619) 2
(620) 2
(622) 1
(623) 1
(624) 1
(626) 1
(627) 2
(628) 1
(629) 2
(630) 1
(631) 1
(632) 1
(633) 2
(634) 2
(635) 2
(636) 1
(637) 1
(638) 1
(639) 1
(640) 2
(641) 2
(642) 1
(643) 5
(644) 1
(647) 1
(649) 1
(650) 1
(651) 2
(652) 2
(653) 1
(654) 2
(656) 1
(661) 1
(664) 1
(665) 2
(666) 1
(667) 1
(668) 2
(669) 1
(671) 1
(672) 3
(673) 1
(674) 2
(676) 2
(677) 1
(678) 2
(679) 5
(680) 1
(681) 1
(682) 1
(683) 2
(684) 1
(686) 1
(689) 1
(690) 1
(692) 2
(697) 1
(698) 1
(699) 2
(700) 1
(701) 1
(702) 1
(703) 1
(705) 2
(706) 1
(707) 2
(710) 3
(711) 1
(712) 1
(713) 2
(714) 2
(716) 4
(717) 1
(718) 2
(723) 1
(724) 2
(725) 1
(726) 2
(727) 3
(728) 1
(729) 2
(730) 1
(731) 2
(732) 1
(735) 2
(737) 2
(738) 4
(740) 2
(742) 3
(744) 1
(745) 4
(746) 1
(748) 2
(749) 1
(750) 1
(751) 1
(752) 2
(753) 2
(754) 3
(755) 2
(756) 2
(757) 2
(758) 4
(760) 2
(761) 4
(762) 1
(763) 2
(764) 2
(765) 2
(767) 1
(768) 2
(769) 4
(770) 3
(771) 1
(772) 4
(773) 3
(774) 2
(775) 3
(776) 2
(777) 2
(778) 2
(779) 3
(780) 1
(781) 1
(782) 1
(783) 3
(784) 1
(785) 4
(786) 1
(787) 1
(788) 2
(789) 2
(790) 1
(792) 2
(794) 2
(795) 1
(797) 2
(799) 1
(800) 3
(801) 1
(803) 3
(806) 1
(807) 2
(808) 1
(809) 3
(810) 1
(811) 2
(812) 2
(814) 2
(816) 2
(818) 2
(821) 1
(823) 1
(824) 2
(825) 3
(826) 2
(827) 1
(828) 1
(830) 1
(833) 1
(835) 1
(837) 3
(838) 1
(839) 2
(840) 2
(844) 1
(845) 1
(847) 1
(857) 2
(858) 1
(859) 1
(862) 1
(863) 1
(870) 1
(875) 2
(880) 1
(882) 1
(884) 1
(887) 1
(891) 1
(892) 1
(893) 1
(897) 1
(898) 1
(899) 1
(910) 1
(915) 1
(916) 1
(920) 1
(922) 1
(928) 1
(930) 1
(933) 1
(935) 1
(937) 1
(966) 1
(968) 1
(971) 1
(973) 1
(974) 1
(980) 1
(981) 1
(983) 2
(989) 1
(991) 1
(993) 1
(1011) 1
(1022) 1
(1029) 1
(1032) 1
(1035) 1
(1038) 1
(1043) 1
(1046) 1
(1047) 1
(1057) 1
(1058) 1
(1066) 1
(1071) 1
(1074) 1
(1082) 1
(1087) 1
(1088) 1
(1089) 1
(1093) 1
(1094) 1
(1095) 1
(1114) 1
(1139) 1
(1145) 2
(1181) 1
(1187) 1
(1192) 1
(1193) 1
(1199) 1
(1201) 1
(1222) 1
(1226) 1
(1235) 3
(1254) 1
(1261) 1
(1267) 1
(1278) 1
(1286) 1
(1314) 1
(1331) 1
(1344) 1
(1358) 1
(1363) 1
(1364) 1
(1367) 1
(1383) 1
(1387) 2
(1389) 1
(1394) 1
(1397) 1
(1401) 1
(1408) 1
(1409) 1
(1415) 1
(1435) 1
(1436) 1
(1438) 1
(1449) 1
(1451) 1
(1456) 1
(1473) 1
(1564) 1
(1569) 1
(1679) 1
(1699) 1
(1701) 1
(1821) 1
(1843) 1
(1888) 1
(1903) 1
(1930) 1
(2003) 1
(2025) 1
(2027) 1
(2033) 1
(2077) 1
(2230) 1
(2285) 1
(2302) 1
(2374) 1
(2448) 1
(2457) 1
(2477) 1
(2628) 1
(2828) 1
(2892) 1
(2962) 1
(3177) 1
(3388) 1
(3530) 1
(3566) 1
(3672) 1
(3820) 1
(3946) 1
(4046) 1
(4119) 1
(4508) 1
(4571) 1
(4596) 1
(5178) 1
(5349) 1
(6405) 1
(6725) 1
(6817) 1
(8335) 1
(8551) 1
(9138) 1
(9260) 1
(10026) 1
(10035) 1
(10071) 1
(10250) 1
(10922) 60
(-1) -1
"BGO_ModID00_ChID09" (11000)
Fri Aug 30 18:50:34 2019
 3
1 long 
("BGOarray.raw.chanid009.adc")
(0 33000) 
--------------------------------------------
(0) 411
(1) 3
(2) 15
(3) 10
(4) 12
(5) 27
(6) 14
(7) 13
(8) 14
(9) 12
(10) 9
(11) 9
(12) 12
(13) 12
(14) 5
(15) 10
(16) 13
(17) 14
(18) 19
(19) 13
(20) 19
(21) 43
(22) 28
(23) 44
(24) 67
(25) 98
(26) 102
(27) 113
(28) 91
(29) 84
(30) 65
(31) 50
(32) 49
(33) 40
(34) 41
(35) 22
(36) 26
(37) 27
(38) 20
(39) 21
(40) 12
(41) 15
(42) 9
(43) 13
(44) 10
(45) 15
(46) 6
(47) 5
(48) 13
(49) 4
(50) 8
(51) 3
(52) 8
(53) 7
(54) 4
(55) 4
(56) 4
(57) 3
(58) 3
(59) 3
(60) 4
(61) 2
(62) 2
(63) 1
(64) 4
(65) 3
(66) 1
(67) 2
(68) 4
(69) 4
(70) 3
(71) 4
(72) 2
(73) 2
(74) 1
(75) 5
(76) 3
(77) 2
(78) 1
(80) 1
(81) 1
(82) 3
(84) 1
(85) 3
(86) 1
(87) 3
(88) 5
(89) 1
(93) 1
(94) 3
(95) 3
(96) 2
(97) 2
(98) 5
(100) 2
(101) 2
(102) 2
(103) 4
(104) 4
(105) 1
(106) 2
(107) 5
(108) 3
(109) 2
(110) 3
(111) 5
(112) 3
(113) 3
(114) 6
(115) 8
(116) 5
(117) 4
(118) 4
(119) 5
(120) 1
(121) 5
(122) 3
(123) 11
(124) 4
(125) 5
(126) 4
(127) 5
(128) 4
(129) 8
(130) 1
(131) 6
(132) 4
(133) 5
(134) 3
(135) 7
(136) 9
(137) 11
(138) 5
(139) 6
(140) 5
(141) 4
(142) 8
(143) 6
(144) 6
(145) 2
(146) 6
(147) 3
(148) 4
(149) 7
(151) 2
(152) 7
(153) 5
(154) 3
(155) 10
(156) 2
(157) 4
(158) 7
(159) 6
(160) 6
(161) 4
(162) 4
(163) 6
(164) 1
(165) 6
(166) 7
(167) 3
(168) 3
(169) 3
(170) 2
(171) 4
(172) 2
(173) 8
(174) 3
(175) 7
(176) 3
(177) 1
(178) 6
(179) 4
(180) 4
(181) 3
(182) 4
(183) 3
(184) 6
(185) 2
(186) 3
(187) 3
(188) 3
(189) 6
(190) 2
(191) 4
(192) 6
(193) 1
(194) 6
(195) 3
(196) 5
(197) 2
(198) 5
(199) 7
(200) 5
(201) 5
(203) 1
(204) 3
(205) 3
(206) 1
(207) 3
(208) 3
(209) 1
(210) 7
(211) 2
(212) 2
(213) 5
(214) 6
(215) 2
(216) 7
(217) 3
(218) 6
(219) 4
(220) 2
(222) 1
(223) 3
(224) 1
(225) 4
(226) 2
(227) 7
(228) 4
(229) 3
(230) 3
(231) 5
(232) 2
(233) 3
(234) 1
(235) 3
(236) 3
(237) 1
(238) 7
(240) 1
(241) 2
(242) 4
(243) 1
(244) 3
(245) 1
(246) 4
(247) 7
(248) 5
(249) 5
(250) 5
(251) 5
(252) 8
(253) 7
(254) 2
(255) 2
(256) 4
(257) 3
(258) 5
(259) 1
(260) 4
(261) 2
(262) 4
(263) 4
(264) 7
(265) 6
(266) 5
(267) 3
(268) 3
(269) 4
(270) 5
(271) 4
(272) 1
(273) 6
(274) 4
(275) 3
(276) 9
(277) 3
(278) 1
(279) 3
(280) 3
(281) 4
(283) 5
(284) 1
(285) 2
(286) 3
(287) 6
(288) 4
(289) 2
(290) 7
(291) 2
(292) 7
(293) 3
(294) 3
(295) 4
(296) 3
(298) 5
(299) 4
(300) 3
(301) 6
(302) 4
(303) 2
(304) 2
(305) 4
(306) 1
(307) 3
(308) 4
(309) 2
(310) 3
(311) 1
(312) 6
(313) 5
(314) 4
(315) 1
(316) 3
(317) 3
(318) 1
(319) 2
(320) 3
(321) 7
(322) 3
(323) 5
(324) 2
(325) 2
(326) 4
(327) 7
(328) 3
(329) 4
(330) 1
(331) 2
(332) 1
(333) 3
(334) 2
(335) 5
(336) 4
(337) 4
(338) 1
(341) 1
(342) 7
(343) 1
(344) 5
(345) 3
(346) 4
(347) 5
(348) 4
(349) 3
(350) 3
(351) 3
(352) 2
(353) 6
(354) 6
(355) 4
(356) 3
(357) 3
(358) 2
(360) 4
(361) 4
(362) 3
(364) 4
(365) 2
(366) 6
(367) 1
(368) 3
(369) 3
(370) 2
(371) 4
(373) 1
(374) 3
(375) 5
(376) 4
(377) 6
(378) 5
(379) 3
(380) 3
(381) 1
(382) 4
(383) 5
(385) 6
(386) 4
(387) 1
(388) 1
(389) 6
(390) 3
(391) 1
(392) 2
(393) 2
(395) 3
(396) 3
(397) 2
(398) 3
(399) 6
(400) 4
(401) 1
(402) 2
(404) 3
(406) 1
(407) 2
(408) 4
(409) 2
(410) 3
(411) 1
(412) 4
(413) 1
(414) 1
(415) 3
(417) 2
(418) 1
(419) 3
(420) 2
(421) 2
(423) 3
(424) 3
(425) 2
(426) 1
(427) 1
(428) 3
(429) 4
(431) 2
(432) 1
(433) 2
(435) 3
(436) 6
(437) 2
(438) 1
(439) 4
(440) 2
(441) 2
(442) 3
(443) 1
(444) 2
(445) 1
(446) 3
(447) 5
(448) 1
(449) 1
(450) 4
(451) 1
(453) 2
(454) 2
(455) 1
(456) 3
(457) 2
(458) 1
(459) 2
(460) 3
(461) 1
(462) 1
(463) 2
(464) 3
(465) 4
(466) 4
(468) 4
(469) 4
(470) 1
(472) 2
(473) 4
(474) 2
(475) 3
(476) 1
(477) 4
(478) 3
(479) 1
(480) 3
(482) 1
(484) 1
(486) 3
(487) 3
(490) 2
(491) 5
(492) 2
(496) 1
(497) 3
(498) 4
(499) 4
(500) 2
(501) 3
(502) 1
(503) 2
(504) 1
(505) 2
(506) 2
(507) 4
(508) 2
(509) 5
(510) 1
(513) 2
(514) 3
(515) 5
(516) 2
(517) 1
(518) 2
(519) 2
(520) 3
(521) 5
(522) 1
(523) 2
(524) 1
(525) 2
(526) 1
(527) 3
(528) 1
(529) 1
(531) 1
(532) 1
(533) 1
(534) 2
(535) 1
(536) 1
(537) 1
(538) 1
(539) 2
(540) 1
(542) 1
(543) 2
(544) 2
(545) 1
(547) 2
(548) 1
(549) 1
(551) 1
(552) 1
(553) 1
(554) 2
(555) 1
(556) 3
(559) 3
(560) 1
(562) 3
(564) 3
(566) 3
(567) 2
(569) 3
(571) 3
(572) 2
(573) 2
(575) 1
(576) 3
(577) 1
(578) 1
(579) 1
(580) 3
(581) 2
(582) 1
(583) 1
(585) 3
(588) 1
(589) 2
(592) 2
(593) 1
(594) 2
(595) 1
(596) 4
(597) 1
(598) 1
(602) 5
(604) 2
(605) 1
(606) 3
(607) 2
(608) 2
(609) 2
(610) 2
(611) 2
(612) 3
(613) 2
(615) 1
(616) 2
(617) 2
(619) 1
(621) 2
(622) 2
(623) 2
(624) 1
(625) 1
(626) 2
(627) 2
(629) 2
(631) 2
(632) 4
(636) 1
(637) 1
(638) 1
(640) 1
(641) 1
(642) 1
(643) 1
(644) 1
(645) 1
(647) 1
(648) 1
(649) 1
(651) 1
(652) 3
(653) 1
(654) 1
(657) 3
(658) 1
(660) 3
(664) 1
(665) 2
(667) 1
(669) 2
(670) 2
(671) 1
(675) 1
(676) 1
(679) 2
(680) 1
(681) 1
(682) 3
(683) 1
(686) 2
(688) 2
(690) 1
(692) 1
(693) 1
(694) 1
(696) 1
(698) 2
(700) 2
(701) 2
(703) 2
(704) 3
(705) 1
(706) 1
(709) 3
(710) 4
(711) 2
(712) 2
(713) 1
(714) 1
(715) 2
(716) 1
(718) 3
(719) 1
(720) 1
(721) 1
(722) 3
(723) 1
(724) 3
(725) 3
(726) 2
(727) 2
(729) 3
(730) 1
(731) 3
(732) 4
(733) 5
(734) 2
(735) 3
(736) 1
(737) 4
(739) 2
(740) 1
(741) 3
(742) 2
(743) 3
(744) 2
(745) 1
(747) 2
(748) 1
(749) 3
(750) 4
(751) 4
(752) 2
(753) 2
(755) 3
(756) 3
(757) 1
(758) 5
(759) 1
(760) 3
(761) 1
(763) 1
(764) 1
(765) 2
(767) 4
(768) 3
(769) 1
(770) 3
(771) 1
(772) 2
(773) 3
(774) 1
(775) 1
(776) 5
(777) 1
(778) 1
(780) 2
(781) 3
(783) 1
(784) 3
(785) 1
(786) 1
(787) 1
(789) 1
(790) 2
(791) 2
(792) 3
(794) 1
(795) 1
(797) 2
(799) 1
(801) 1
(802) 1
(803) 2
(805) 1
(806) 1
(808) 2
(810) 1
(813) 2
(814) 1
(815) 2
(816) 3
(817) 1
(818) 2
(819) 1
(821) 2
(824) 1
(825) 1
(831) 2
(833) 1
(837) 2
(840) 1
(842) 1
(843) 1
(844) 2
(846) 2
(854) 1
(856) 1
(857) 1
(858) 1
(859) 1
(860) 1
(863) 1
(866) 1
(871) 1
(873) 1
(875) 1
(877) 1
(883) 2
(889) 1
(890) 1
(891) 1
(894) 2
(895) 2
(898) 1
(903) 1
(906) 1
(907) 1
(915) 1
(922) 1
(927) 1
(930) 1
(934) 1
(935) 1
(939) 1
(950) 1
(955) 1
(956) 1
(962) 1
(971) 1
(974) 1
(978) 1
(982) 1
(987) 1
(989) 1
(991) 1
(997) 1
(1006) 1
(1008) 1
(1010) 1
(1017) 1
(1019) 1
(1042) 1
(1047) 1
(1052) 2
(1056) 1
(1068) 1
(1070) 1
(1074) 1
(1076) 1
(1095) 1
(1108) 1
(1114) 1
(1116) 1
(1118) 1
(1122) 2
(1124) 1
(1129) 1
(1131) 1
(1132) 1
(1133) 1
(1137) 1
(1144) 1
(1148) 1
(1156) 1
(1174) 1
(1175) 1
(1184) 1
(1191) 1
(1193) 1
(1206) 1
(1213) 1
(1214) 1
(1217) 1
(1219) 1
(1234) 1
(1242) 1
(1256) 1
(1266) 1
(1274) 2
(1283) 1
(1298) 1
(1308) 1
(1312) 1
(1315) 1
(1316) 1
(1318) 2
(1322) 1
(1346) 2
(1347) 1
(1355) 1
(1357) 1
(1360) 1
(1366) 1
(1369) 1
(1370) 1
(1373) 1
(1378) 1
(1391) 1
(1392) 1
(1395) 1
(1398) 1
(1413) 1
(1419) 1
(1427) 1
(1444) 1
(1449) 1
(1479) 1
(1480) 1
(1507) 1
(1638) 1
(1644) 1
(1970) 1
(2032) 1
(2089) 1
(2165) 1
(2287) 1
(2329) 1
(2480) 1
(2504) 1
(2824) 1
(3130) 1
(3169) 1
(3308) 1
(3354) 1
(3398) 1
(3419) 1
(3502) 1
(3513) 1
(3528) 1
(3715) 1
(3773) 1
(3805) 1
(3836) 1
(3841) 1
(4049) 1
(4135) 1
(4139) 1
(4554) 1
(4555) 1
(4784) 1
(5309) 1
(5549) 1
(5620) 1
(5628) 1
(5718) 1
(5972) 1
(5977) 1
(6003) 1
(6427) 1
(6451) 1
(6634) 1
(6865) 1
(7634) 1
(7802) 1
(8084) 1
(8363) 1
(8450) 1
(8886) 1
(8903) 1
(9390) 1
(9533) 1
(9625) 1
(9855) 1
(9973) 1
(10592) 1
(10613) 1
(10873) 1
(10921) 1
(10922) 73
(-1) -1
"BGO_ModID00_ChID10" (11000)
Fri Aug 30 18:50:34 2019
 3
1 long 
("BGOarray.raw.chanid010.adc")
(0 33000) 
--------------------------------------------
(0) 239
(1) 1
(2) 1
(3) 4
(4) 7
(5) 2
(6) 3
(8) 1
(10) 3
(11) 1
(12) 3
(13) 4
(14) 3
(15) 1
(16) 3
(17) 3
(18) 2
(19) 4
(20) 4
(21) 2
(22) 3
(23) 3
(24) 13
(25) 17
(26) 18
(27) 9
(28) 21
(29) 17
(30) 10
(31) 12
(32) 7
(33) 6
(34) 6
(35) 2
(36) 4
(37) 3
(38) 4
(39) 3
(40) 1
(41) 2
(42) 4
(44) 2
(45) 3
(46) 1
(48) 2
(49) 1
(50) 1
(51) 1
(54) 1
(56) 2
(58) 1
(61) 1
(64) 2
(67) 1
(69) 1
(70) 2
(73) 1
(81) 1
(82) 1
(83) 1
(84) 1
(85) 2
(91) 4
(92) 1
(93) 3
(94) 2
(95) 1
(96) 3
(97) 2
(98) 2
(100) 1
(101) 2
(102) 1
(103) 2
(104) 1
(105) 2
(106) 2
(108) 3
(109) 2
(110) 2
(111) 4
(112) 1
(113) 2
(114) 5
(115) 3
(116) 2
(117) 3
(118) 3
(119) 1
(120) 1
(121) 2
(122) 4
(123) 1
(124) 3
(125) 3
(126) 3
(127) 2
(128) 1
(129) 3
(130) 1
(131) 2
(132) 2
(133) 1
(134) 4
(135) 2
(136) 2
(137) 3
(138) 7
(139) 10
(141) 2
(142) 3
(143) 2
(144) 6
(145) 2
(146) 4
(147) 1
(149) 1
(150) 1
(151) 1
(152) 5
(153) 3
(154) 2
(155) 4
(156) 2
(157) 2
(158) 1
(160) 3
(161) 3
(162) 5
(163) 5
(164) 3
(165) 1
(166) 2
(167) 3
(168) 4
(169) 4
(170) 4
(171) 1
(173) 3
(174) 2
(175) 3
(176) 1
(177) 5
(179) 3
(180) 2
(181) 1
(182) 1
(183) 7
(184) 2
(185) 3
(186) 3
(188) 2
(189) 5
(190) 1
(191) 3
(192) 1
(193) 3
(195) 1
(196) 1
(197) 2
(198) 4
(199) 5
(200) 2
(201) 2
(202) 5
(203) 2
(204) 2
(205) 2
(206) 6
(207) 2
(208) 2
(209) 2
(210) 1
(211) 3
(212) 3
(213) 2
(214) 2
(215) 2
(216) 2
(217) 2
(218) 2
(220) 3
(222) 2
(224) 4
(225) 1
(226) 5
(227) 1
(228) 2
(229) 2
(230) 3
(231) 4
(232) 1
(233) 4
(234) 3
(235) 2
(236) 3
(237) 1
(238) 4
(239) 1
(240) 3
(241) 4
(242) 2
(243) 2
(244) 5
(245) 5
(247) 5
(248) 5
(249) 2
(250) 2
(251) 3
(252) 1
(253) 2
(254) 5
(255) 1
(256) 2
(257) 5
(258) 1
(259) 1
(260) 4
(261) 1
(262) 3
(263) 4
(264) 2
(265) 7
(266) 4
(267) 3
(268) 4
(269) 4
(270) 6
(271) 2
(272) 2
(273) 3
(274) 3
(275) 3
(276) 1
(277) 1
(278) 4
(280) 1
(281) 3
(282) 4
(283) 3
(284) 6
(285) 4
(286) 2
(287) 1
(288) 2
(289) 4
(290) 2
(291) 4
(292) 1
(293) 3
(294) 3
(295) 2
(296) 2
(297) 3
(298) 1
(299) 5
(300) 8
(301) 4
(302) 4
(303) 5
(304) 1
(305) 3
(306) 1
(307) 3
(309) 3
(310) 3
(311) 1
(312) 1
(313) 3
(314) 1
(315) 2
(316) 5
(317) 2
(318) 1
(319) 1
(321) 4
(322) 5
(323) 5
(325) 2
(326) 1
(327) 2
(328) 1
(329) 1
(330) 1
(331) 2
(333) 1
(334) 1
(335) 3
(336) 2
(338) 3
(339) 3
(340) 2
(341) 1
(342) 2
(343) 2
(346) 7
(347) 3
(348) 2
(349) 3
(350) 1
(351) 3
(352) 3
(353) 1
(354) 3
(355) 3
(356) 1
(358) 6
(359) 2
(360) 1
(362) 2
(363) 4
(364) 1
(365) 3
(367) 1
(368) 1
(369) 3
(371) 1
(372) 2
(373) 1
(374) 4
(375) 1
(376) 2
(377) 2
(378) 1
(380) 4
(381) 2
(382) 4
(383) 6
(384) 3
(385) 2
(386) 2
(387) 3
(389) 1
(390) 2
(391) 1
(392) 3
(393) 1
(394) 2
(395) 2
(396) 4
(397) 2
(398) 1
(399) 2
(400) 2
(404) 2
(405) 2
(406) 2
(409) 4
(410) 1
(411) 2
(412) 2
(413) 2
(414) 2
(415) 5
(416) 3
(417) 4
(418) 1
(419) 2
(420) 3
(421) 1
(422) 1
(423) 3
(425) 1
(426) 2
(427) 3
(428) 3
(429) 2
(430) 1
(431) 3
(434) 4
(435) 4
(436) 3
(437) 3
(438) 2
(439) 1
(440) 1
(441) 2
(443) 2
(444) 1
(446) 2
(448) 1
(449) 2
(450) 3
(451) 1
(452) 1
(453) 1
(454) 1
(455) 3
(456) 1
(457) 1
(458) 2
(459) 2
(460) 2
(461) 1
(462) 2
(463) 3
(464) 2
(465) 1
(466) 2
(467) 1
(468) 4
(469) 6
(470) 1
(472) 1
(474) 1
(475) 1
(476) 1
(477) 2
(478) 2
(479) 3
(480) 2
(482) 3
(483) 1
(484) 2
(487) 2
(488) 2
(490) 2
(491) 2
(492) 2
(493) 3
(494) 2
(495) 1
(497) 1
(498) 2
(499) 1
(500) 3
(501) 1
(502) 4
(505) 3
(506) 3
(507) 1
(508) 1
(509) 3
(510) 3
(511) 2
(512) 3
(514) 2
(517) 1
(522) 4
(523) 2
(525) 2
(526) 1
(528) 1
(529) 3
(530) 1
(531) 7
(532) 2
(533) 5
(534) 1
(535) 1
(536) 1
(537) 1
(538) 1
(539) 1
(540) 1
(541) 3
(542) 1
(544) 3
(545) 1
(546) 1
(547) 2
(548) 2
(549) 1
(550) 3
(551) 1
(552) 2
(554) 1
(555) 1
(556) 2
(557) 1
(558) 1
(560) 1
(562) 1
(563) 1
(567) 1
(568) 2
(569) 2
(572) 2
(573) 2
(574) 2
(575) 4
(576) 4
(577) 1
(580) 1
(581) 2
(583) 3
(584) 1
(586) 1
(588) 1
(589) 2
(590) 1
(593) 1
(594) 1
(595) 1
(596) 1
(597) 1
(598) 2
(599) 2
(600) 1
(602) 1
(603) 1
(605) 1
(606) 2
(607) 2
(608) 1
(609) 1
(610) 1
(611) 1
(612) 3
(614) 2
(615) 4
(617) 1
(618) 1
(619) 2
(620) 1
(621) 1
(622) 1
(623) 1
(624) 1
(625) 1
(626) 2
(629) 2
(630) 3
(632) 1
(633) 1
(635) 1
(636) 1
(638) 1
(639) 1
(641) 2
(642) 1
(643) 1
(646) 1
(649) 1
(650) 1
(651) 1
(655) 1
(657) 1
(658) 2
(662) 2
(663) 2
(664) 1
(665) 1
(666) 1
(668) 2
(671) 2
(673) 2
(674) 1
(677) 1
(678) 2
(679) 2
(680) 1
(682) 2
(683) 2
(684) 3
(687) 2
(688) 1
(689) 3
(691) 2
(692) 1
(693) 2
(694) 3
(696) 1
(697) 1
(698) 4
(699) 1
(700) 2
(701) 2
(703) 2
(704) 3
(705) 4
(706) 1
(707) 3
(708) 3
(709) 2
(710) 2
(711) 2
(712) 1
(713) 3
(714) 2
(715) 1
(716) 2
(718) 1
(719) 1
(720) 1
(721) 2
(722) 3
(723) 3
(725) 1
(726) 4
(727) 1
(728) 5
(729) 5
(730) 2
(731) 4
(732) 2
(733) 1
(734) 1
(735) 2
(736) 1
(738) 1
(739) 4
(740) 3
(741) 1
(742) 2
(743) 4
(744) 3
(745) 3
(746) 2
(747) 2
(749) 2
(750) 2
(751) 4
(752) 3
(754) 1
(755) 3
(756) 2
(757) 2
(758) 2
(759) 1
(760) 4
(761) 1
(765) 1
(766) 3
(768) 1
(771) 2
(773) 3
(775) 1
(777) 5
(778) 2
(779) 2
(784) 2
(787) 1
(789) 1
(791) 2
(792) 1
(793) 2
(794) 1
(795) 1
(799) 1
(800) 2
(801) 1
(802) 1
(804) 1
(805) 2
(806) 1
(807) 1
(808) 1
(810) 2
(812) 1
(813) 1
(816) 3
(818) 1
(819) 1
(820) 1
(821) 1
(824) 1
(831) 1
(834) 1
(839) 1
(841) 1
(846) 2
(852) 1
(853) 2
(856) 1
(859) 1
(866) 1
(878) 1
(880) 1
(882) 1
(883) 1
(886) 1
(892) 1
(908) 1
(910) 1
(911) 1
(913) 1
(915) 2
(916) 1
(921) 2
(923) 1
(928) 2
(929) 1
(936) 1
(938) 1
(941) 2
(944) 1
(947) 1
(952) 1
(958) 1
(969) 1
(985) 2
(986) 1
(987) 1
(988) 1
(994) 1
(1008) 1
(1030) 1
(1031) 3
(1039) 1
(1041) 1
(1042) 1
(1049) 1
(1052) 2
(1053) 1
(1058) 1
(1080) 1
(1091) 1
(1094) 1
(1102) 1
(1125) 1
(1128) 1
(1152) 1
(1165) 1
(1187) 1
(1216) 1
(1218) 1
(1227) 1
(1231) 1
(1232) 1
(1233) 1
(1274) 1
(1278) 1
(1279) 1
(1287) 1
(1302) 1
(1312) 1
(1320) 2
(1321) 2
(1322) 1
(1331) 1
(1332) 1
(1342) 1
(1344) 1
(1351) 1
(1353) 1
(1358) 1
(1375) 1
(1380) 1
(1419) 1
(1525) 1
(1548) 1
(1567) 1
(1578) 1
(1698) 1
(1800) 1
(1990) 1
(2171) 1
(2181) 1
(2194) 1
(2211) 1
(2298) 1
(2313) 1
(2340) 1
(2378) 1
(2409) 1
(2574) 1
(2594) 1
(2639) 1
(2664) 1
(2744) 1
(2851) 1
(2964) 1
(3055) 1
(3174) 1
(3406) 1
(3733) 1
(3739) 1
(3804) 1
(3908) 1
(3921) 1
(4184) 1
(4300) 1
(4490) 1
(4768) 1
(4804) 1
(5006) 1
(5042) 1
(5252) 1
(5345) 1
(5369) 1
(5470) 1
(5645) 1
(6039) 1
(6179) 1
(6312) 1
(6336) 1
(6413) 1
(7455) 1
(8145) 1
(8996) 1
(9005) 1
(9039) 1
(9162) 1
(9741) 1
(9816) 1
(9916) 1
(9961) 1
(10777) 1
(10921) 1
(10922) 70
(-1) -1
"BGO_ModID00_ChID11" (11000)
Fri Aug 30 18:50:34 2019
 3
1 long 
("BGOarray.raw.chanid011.adc")
(0 33000) 
--------------------------------------------
(0) 384
(1) 5
(2) 21
(3) 27
(4) 31
(5) 34
(6) 31
(7) 22
(8) 24
(9) 25
(10) 9
(11) 18
(12) 16
(13) 12
(14) 18
(15) 14
(16) 21
(17) 16
(18) 16
(19) 16
(20) 29
(21) 33
(22) 46
(23) 54
(24) 101
(25) 106
(26) 133
(27) 123
(28) 94
(29) 91
(30) 65
(31) 53
(32) 51
(33) 44
(34) 51
(35) 26
(36) 18
(37) 22
(38) 15
(39) 9
(40) 15
(41) 12
(42) 8
(43) 9
(44) 6
(45) 6
(46) 3
(47) 6
(48) 5
(49) 5
(50) 3
(51) 4
(52) 1
(53) 2
(54) 2
(57) 2
(58) 1
(59) 1
(60) 1
(61) 1
(62) 2
(63) 1
(67) 1
(70) 1
(72) 1
(74) 2
(76) 1
(77) 1
(80) 2
(81) 4
(85) 1
(88) 3
(89) 1
(90) 2
(91) 2
(92) 1
(93) 2
(95) 4
(96) 2
(97) 2
(98) 2
(99) 2
(100) 5
(101) 3
(103) 6
(104) 3
(105) 2
(106) 4
(107) 5
(108) 4
(109) 3
(110) 3
(111) 4
(112) 7
(113) 5
(114) 6
(115) 2
(116) 2
(117) 6
(118) 7
(119) 3
(120) 6
(121) 3
(122) 3
(123) 6
(124) 3
(125) 5
(126) 9
(127) 3
(128) 4
(129) 3
(130) 7
(131) 4
(132) 5
(133) 8
(134) 3
(135) 9
(136) 2
(137) 7
(138) 9
(139) 10
(140) 2
(141) 6
(142) 4
(143) 5
(144) 2
(145) 7
(146) 5
(147) 6
(148) 7
(149) 5
(150) 4
(151) 5
(152) 5
(153) 7
(154) 6
(155) 3
(156) 7
(157) 4
(158) 3
(159) 6
(160) 6
(161) 4
(162) 3
(163) 4
(164) 8
(165) 2
(166) 5
(167) 6
(168) 1
(169) 4
(170) 5
(171) 4
(172) 3
(173) 7
(174) 6
(175) 3
(176) 7
(177) 6
(178) 3
(179) 5
(180) 6
(181) 7
(182) 3
(183) 4
(184) 3
(185) 1
(186) 4
(187) 2
(188) 5
(189) 4
(190) 2
(191) 3
(192) 1
(193) 3
(194) 5
(195) 4
(196) 1
(197) 2
(198) 3
(199) 4
(200) 4
(201) 2
(202) 9
(203) 2
(204) 7
(205) 3
(206) 2
(207) 5
(208) 3
(209) 3
(210) 3
(211) 2
(212) 4
(213) 5
(214) 6
(215) 6
(216) 6
(217) 1
(218) 3
(219) 3
(220) 3
(222) 4
(223) 4
(224) 6
(225) 3
(226) 5
(227) 1
(228) 3
(229) 4
(230) 3
(231) 3
(232) 5
(233) 3
(234) 3
(235) 3
(236) 4
(237) 1
(238) 5
(239) 3
(240) 7
(241) 3
(242) 6
(243) 6
(244) 3
(245) 2
(246) 4
(247) 1
(248) 7
(249) 4
(250) 4
(251) 4
(252) 6
(253) 9
(254) 4
(255) 3
(256) 4
(257) 3
(258) 2
(259) 4
(260) 2
(261) 5
(262) 5
(263) 2
(264) 2
(265) 3
(266) 4
(267) 3
(268) 4
(269) 3
(270) 3
(271) 4
(272) 4
(273) 4
(274) 2
(275) 4
(276) 6
(277) 4
(278) 3
(279) 1
(280) 5
(281) 4
(282) 5
(283) 4
(284) 2
(285) 5
(286) 3
(287) 4
(288) 3
(289) 5
(290) 4
(291) 6
(292) 2
(293) 5
(294) 3
(295) 8
(296) 2
(297) 4
(298) 2
(299) 5
(300) 4
(301) 2
(302) 3
(303) 5
(304) 6
(305) 3
(306) 1
(307) 4
(309) 1
(310) 5
(312) 2
(313) 6
(314) 5
(315) 3
(316) 7
(317) 4
(318) 3
(319) 3
(320) 6
(321) 1
(322) 2
(323) 3
(324) 2
(325) 3
(326) 5
(327) 4
(328) 6
(329) 4
(330) 2
(331) 2
(332) 7
(333) 2
(334) 3
(335) 5
(336) 3
(337) 7
(338) 2
(339) 1
(340) 1
(341) 5
(342) 4
(343) 2
(344) 3
(345) 2
(346) 3
(347) 2
(348) 4
(349) 3
(350) 3
(351) 3
(352) 5
(353) 2
(354) 1
(355) 2
(356) 1
(357) 3
(358) 2
(359) 3
(360) 5
(361) 3
(362) 2
(363) 2
(364) 2
(365) 4
(366) 1
(367) 5
(368) 1
(370) 4
(371) 2
(372) 3
(373) 1
(374) 7
(375) 2
(376) 3
(377) 5
(378) 3
(379) 1
(380) 2
(381) 2
(383) 1
(384) 9
(385) 6
(386) 3
(387) 3
(388) 4
(389) 5
(390) 5
(391) 3
(392) 5
(393) 1
(394) 2
(395) 2
(396) 2
(397) 3
(398) 1
(399) 5
(400) 4
(401) 1
(402) 1
(403) 3
(405) 1
(406) 2
(407) 5
(410) 1
(411) 1
(412) 4
(413) 4
(414) 1
(415) 3
(416) 2
(417) 1
(418) 2
(419) 5
(420) 3
(421) 1
(422) 6
(423) 2
(424) 1
(425) 2
(426) 2
(427) 2
(428) 1
(429) 3
(430) 1
(431) 4
(432) 3
(433) 2
(434) 5
(435) 1
(436) 2
(437) 4
(440) 2
(441) 2
(442) 1
(443) 3
(444) 1
(445) 4
(446) 1
(447) 2
(448) 2
(449) 2
(450) 1
(451) 4
(452) 3
(453) 2
(454) 1
(455) 2
(456) 1
(457) 4
(458) 4
(459) 3
(461) 5
(462) 1
(463) 5
(464) 3
(465) 3
(466) 4
(467) 3
(468) 4
(469) 4
(470) 1
(471) 1
(472) 1
(473) 2
(474) 2
(475) 3
(476) 2
(477) 3
(478) 1
(479) 5
(480) 2
(481) 4
(482) 3
(483) 2
(484) 1
(485) 5
(487) 2
(488) 1
(489) 2
(490) 3
(491) 2
(494) 3
(495) 2
(496) 1
(497) 1
(498) 1
(500) 2
(501) 1
(502) 3
(503) 3
(504) 2
(505) 2
(506) 2
(508) 3
(509) 1
(510) 2
(511) 2
(513) 1
(514) 1
(515) 2
(517) 1
(518) 2
(519) 2
(520) 2
(521) 1
(522) 3
(524) 1
(525) 1
(526) 2
(527) 1
(529) 1
(531) 2
(532) 1
(533) 2
(534) 5
(535) 2
(536) 1
(537) 4
(539) 1
(540) 1
(541) 1
(542) 1
(543) 1
(544) 1
(545) 2
(546) 2
(547) 2
(548) 2
(549) 2
(550) 1
(551) 1
(552) 2
(553) 1
(555) 4
(556) 1
(557) 3
(558) 1
(559) 2
(562) 1
(564) 1
(565) 4
(566) 2
(567) 1
(568) 3
(570) 1
(571) 3
(572) 1
(573) 2
(574) 2
(576) 1
(577) 1
(579) 1
(580) 1
(581) 2
(583) 4
(584) 1
(588) 1
(590) 2
(591) 2
(592) 1
(594) 3
(595) 1
(597) 1
(600) 2
(601) 1
(602) 2
(603) 3
(604) 1
(605) 3
(606) 1
(607) 1
(608) 1
(609) 1
(611) 1
(614) 1
(615) 1
(616) 3
(617) 1
(618) 2
(619) 1
(623) 1
(625) 1
(626) 1
(627) 1
(628) 1
(629) 2
(630) 2
(631) 2
(632) 1
(635) 1
(636) 1
(638) 1
(639) 1
(641) 1
(642) 2
(644) 1
(645) 1
(646) 2
(647) 1
(648) 1
(651) 3
(660) 3
(661) 1
(662) 3
(663) 1
(664) 1
(665) 3
(666) 1
(667) 1
(668) 1
(670) 1
(672) 1
(673) 1
(674) 1
(675) 2
(676) 2
(677) 2
(678) 1
(680) 1
(681) 1
(682) 1
(684) 1
(685) 1
(687) 2
(688) 1
(689) 2
(690) 2
(691) 4
(694) 1
(695) 2
(696) 1
(697) 3
(698) 1
(699) 3
(700) 1
(701) 1
(702) 3
(703) 1
(704) 4
(705) 2
(707) 2
(708) 3
(710) 2
(711) 1
(712) 1
(713) 1
(714) 2
(715) 1
(716) 1
(717) 1
(718) 1
(719) 4
(720) 1
(721) 2
(723) 1
(724) 4
(725) 1
(726) 6
(727) 3
(728) 3
(729) 2
(730) 1
(731) 2
(732) 1
(733) 7
(734) 2
(735) 5
(736) 9
(737) 3
(738) 2
(739) 3
(740) 5
(741) 2
(742) 2
(743) 3
(744) 3
(745) 2
(746) 4
(747) 1
(748) 1
(749) 3
(750) 4
(751) 3
(753) 2
(754) 2
(755) 3
(756) 2
(757) 3
(758) 1
(759) 1
(760) 1
(761) 5
(762) 2
(763) 3
(764) 5
(767) 2
(768) 2
(769) 2
(770) 1
(771) 1
(772) 1
(773) 3
(774) 1
(775) 2
(776) 6
(778) 2
(779) 2
(781) 1
(782) 3
(783) 1
(786) 2
(788) 2
(789) 1
(790) 2
(791) 1
(792) 3
(793) 1
(794) 1
(795) 1
(796) 1
(797) 3
(798) 1
(799) 3
(800) 2
(802) 2
(804) 1
(805) 1
(806) 2
(808) 1
(812) 1
(813) 1
(816) 2
(817) 1
(820) 2
(821) 2
(822) 2
(823) 3
(824) 1
(825) 2
(827) 1
(830) 1
(832) 2
(838) 1
(841) 1
(842) 1
(844) 1
(845) 2
(846) 1
(849) 1
(850) 1
(859) 1
(866) 1
(871) 1
(873) 1
(874) 1
(877) 2
(880) 2
(881) 1
(884) 1
(888) 2
(893) 1
(894) 1
(901) 1
(905) 1
(914) 1
(916) 2
(917) 2
(918) 3
(922) 1
(929) 1
(935) 1
(939) 1
(946) 1
(947) 1
(950) 1
(972) 1
(982) 1
(985) 1
(1019) 1
(1022) 1
(1024) 2
(1025) 1
(1047) 2
(1055) 1
(1060) 1
(1065) 1
(1073) 1
(1079) 1
(1085) 1
(1090) 1
(1095) 1
(1106) 1
(1110) 1
(1112) 1
(1113) 1
(1114) 1
(1132) 1
(1143) 1
(1144) 1
(1156) 1
(1157) 1
(1158) 1
(1168) 1
(1174) 1
(1175) 1
(1193) 1
(1196) 1
(1219) 1
(1229) 1
(1236) 1
(1241) 1
(1252) 1
(1268) 1
(1276) 1
(1294) 1
(1312) 1
(1316) 1
(1321) 1
(1328) 1
(1329) 1
(1332) 1
(1335) 1
(1338) 1
(1351) 1
(1356) 1
(1359) 2
(1361) 1
(1368) 1
(1369) 1
(1376) 1
(1379) 1
(1396) 1
(1407) 1
(1413) 1
(1417) 1
(1420) 1
(1432) 1
(1460) 1
(1475) 1
(1506) 1
(1571) 1
(1622) 1
(1655) 1
(1657) 1
(1748) 1
(1769) 1
(1777) 1
(1787) 1
(1865) 1
(1901) 1
(1903) 1
(1969) 1
(2018) 1
(2161) 1
(2168) 1
(2187) 1
(2316) 1
(2467) 1
(2875) 1
(2952) 1
(3093) 1
(3397) 1
(3403) 1
(3421) 1
(3517) 1
(3696) 1
(3782) 1
(3802) 1
(3820) 1
(3828) 1
(4246) 1
(4278) 1
(4429) 1
(4448) 1
(4588) 1
(4716) 1
(5126) 1
(5740) 1
(6237) 1
(6266) 1
(6278) 1
(6886) 1
(7399) 1
(7856) 1
(8076) 1
(8120) 1
(8714) 1
(8740) 1
(8800) 1
(8972) 1
(8975) 1
(9161) 1
(9169) 1
(10731) 1
(10922) 63
(-1) -1
"BGO_ModID00_ChID12" (11000)
Fri Aug 30 18:50:34 2019
 3
1 long 
("BGOarray.raw.chanid012.adc")
(0 33000) 
--------------------------------------------
(0) 493
(1) 6
(2) 7
(3) 8
(4) 18
(5) 13
(6) 12
(7) 6
(8) 6
(9) 14
(10) 14
(11) 8
(12) 7
(13) 10
(14) 3
(15) 14
(16) 13
(17) 9
(18) 9
(19) 15
(20) 19
(21) 16
(22) 25
(23) 31
(24) 45
(25) 50
(26) 79
(27) 69
(28) 63
(29) 41
(30) 42
(31) 32
(32) 26
(33) 22
(34) 10
(35) 25
(36) 11
(37) 20
(38) 12
(39) 12
(40) 6
(41) 6
(42) 5
(43) 7
(44) 5
(45) 2
(46) 5
(47) 5
(48) 1
(49) 2
(50) 2
(51) 3
(52) 1
(54) 2
(55) 2
(58) 4
(59) 1
(63) 1
(70) 2
(75) 1
(76) 1
(80) 4
(81) 1
(83) 2
(84) 2
(85) 3
(86) 2
(87) 1
(88) 2
(89) 2
(91) 3
(92) 4
(93) 2
(94) 1
(95) 5
(96) 3
(97) 5
(98) 4
(99) 5
(100) 2
(101) 6
(102) 6
(103) 5
(104) 4
(105) 3
(106) 7
(107) 5
(108) 5
(109) 3
(110) 7
(111) 6
(112) 4
(113) 4
(114) 5
(115) 6
(116) 6
(117) 9
(118) 8
(119) 5
(120) 4
(121) 1
(122) 7
(123) 5
(124) 7
(125) 6
(126) 4
(127) 7
(128) 9
(129) 4
(130) 7
(131) 9
(132) 3
(133) 10
(134) 9
(135) 10
(136) 9
(137) 12
(138) 5
(139) 5
(140) 3
(141) 6
(142) 11
(143) 8
(144) 8
(145) 8
(146) 6
(147) 8
(148) 5
(149) 1
(150) 10
(151) 10
(152) 3
(153) 9
(154) 6
(155) 4
(156) 5
(157) 9
(158) 9
(159) 9
(160) 5
(161) 6
(162) 6
(163) 4
(164) 7
(165) 3
(166) 3
(167) 5
(168) 10
(169) 7
(170) 4
(171) 5
(172) 5
(173) 6
(174) 8
(175) 3
(176) 10
(177) 9
(178) 7
(179) 5
(180) 6
(181) 7
(182) 8
(183) 5
(184) 8
(185) 6
(186) 2
(187) 7
(188) 3
(189) 3
(190) 7
(191) 4
(192) 6
(193) 5
(194) 6
(195) 7
(196) 2
(197) 4
(198) 1
(199) 9
(200) 3
(201) 10
(202) 5
(203) 3
(204) 4
(205) 6
(206) 4
(207) 7
(208) 4
(209) 6
(210) 6
(211) 4
(212) 2
(213) 6
(214) 4
(215) 4
(216) 3
(217) 5
(218) 7
(219) 4
(220) 3
(221) 4
(222) 6
(223) 7
(224) 4
(225) 2
(226) 3
(227) 5
(228) 6
(229) 4
(230) 3
(231) 3
(232) 5
(233) 2
(234) 7
(235) 4
(236) 4
(237) 3
(238) 5
(239) 5
(240) 3
(241) 2
(242) 2
(243) 4
(244) 3
(245) 9
(246) 5
(247) 1
(248) 6
(249) 3
(250) 6
(251) 3
(252) 3
(253) 5
(254) 5
(255) 4
(256) 3
(257) 7
(258) 2
(259) 4
(260) 9
(261) 6
(262) 10
(263) 6
(264) 1
(265) 8
(266) 5
(267) 6
(268) 5
(269) 2
(270) 3
(271) 3
(272) 9
(273) 6
(274) 4
(275) 5
(276) 6
(277) 3
(278) 5
(279) 2
(280) 5
(281) 3
(282) 4
(283) 5
(284) 5
(285) 3
(286) 3
(287) 6
(288) 4
(289) 7
(290) 2
(291) 2
(292) 7
(293) 8
(294) 4
(295) 5
(296) 2
(297) 5
(298) 12
(299) 3
(300) 6
(301) 9
(302) 6
(303) 4
(304) 6
(305) 6
(306) 7
(307) 6
(308) 6
(309) 7
(310) 7
(311) 7
(312) 7
(313) 4
(314) 8
(315) 5
(316) 3
(317) 4
(318) 5
(319) 4
(320) 7
(321) 6
(322) 6
(323) 6
(324) 1
(325) 3
(326) 5
(327) 5
(328) 5
(329) 5
(330) 5
(331) 4
(332) 7
(333) 2
(334) 4
(335) 6
(336) 8
(337) 5
(338) 1
(339) 6
(340) 3
(341) 4
(342) 4
(343) 4
(344) 3
(345) 4
(346) 4
(347) 1
(348) 2
(349) 3
(350) 2
(351) 3
(352) 8
(353) 3
(354) 4
(355) 4
(356) 4
(358) 7
(359) 8
(360) 6
(361) 2
(362) 2
(363) 2
(364) 3
(365) 6
(366) 1
(367) 2
(368) 2
(369) 2
(370) 3
(371) 1
(372) 4
(373) 1
(374) 5
(375) 5
(376) 4
(377) 4
(378) 3
(379) 6
(380) 6
(381) 5
(382) 2
(383) 3
(384) 3
(385) 6
(386) 4
(387) 9
(389) 5
(390) 5
(391) 2
(392) 4
(393) 3
(394) 1
(395) 4
(396) 3
(397) 4
(398) 4
(399) 4
(400) 5
(401) 1
(402) 5
(404) 3
(406) 1
(407) 2
(408) 4
(409) 2
(410) 2
(411) 1
(412) 2
(413) 3
(414) 3
(415) 1
(416) 2
(417) 1
(418) 6
(419) 4
(420) 1
(421) 5
(422) 7
(423) 2
(424) 4
(425) 3
(426) 2
(427) 3
(428) 4
(429) 1
(430) 2
(431) 3
(432) 4
(433) 1
(434) 2
(435) 4
(436) 3
(437) 2
(439) 3
(440) 4
(441) 3
(442) 3
(443) 5
(444) 4
(445) 1
(446) 6
(447) 3
(448) 1
(449) 5
(450) 7
(451) 2
(452) 3
(453) 3
(454) 1
(455) 1
(456) 5
(457) 4
(458) 4
(459) 2
(460) 5
(461) 1
(462) 3
(463) 3
(464) 3
(465) 2
(466) 1
(467) 3
(468) 1
(469) 2
(470) 2
(471) 2
(472) 1
(473) 2
(474) 6
(475) 1
(476) 4
(477) 5
(478) 2
(479) 4
(480) 2
(481) 6
(482) 2
(483) 3
(484) 1
(485) 1
(486) 4
(488) 1
(489) 4
(490) 3
(492) 5
(493) 4
(494) 1
(495) 1
(496) 6
(497) 5
(500) 5
(501) 5
(502) 1
(503) 3
(504) 1
(506) 4
(507) 4
(508) 2
(509) 4
(510) 4
(511) 2
(512) 3
(514) 4
(515) 1
(516) 1
(517) 5
(518) 1
(519) 1
(521) 3
(522) 1
(523) 3
(524) 1
(525) 2
(526) 3
(528) 1
(529) 2
(530) 1
(531) 1
(532) 3
(536) 1
(537) 2
(538) 2
(539) 2
(540) 2
(541) 2
(542) 4
(543) 3
(544) 2
(545) 2
(546) 2
(549) 3
(553) 3
(554) 4
(555) 2
(556) 2
(558) 4
(560) 2
(561) 2
(562) 1
(563) 1
(564) 1
(565) 1
(566) 3
(567) 1
(568) 1
(569) 2
(571) 1
(572) 2
(573) 3
(574) 1
(577) 2
(579) 1
(580) 1
(582) 2
(583) 3
(584) 1
(585) 3
(588) 1
(589) 2
(590) 1
(591) 1
(592) 2
(594) 1
(595) 1
(597) 3
(598) 2
(599) 3
(600) 1
(601) 1
(602) 3
(603) 1
(604) 2
(605) 2
(606) 4
(607) 1
(611) 1
(612) 2
(613) 3
(614) 1
(616) 2
(618) 3
(619) 1
(622) 1
(623) 1
(624) 2
(625) 1
(626) 1
(628) 2
(629) 1
(630) 1
(631) 1
(633) 3
(634) 1
(637) 1
(638) 2
(639) 1
(640) 1
(641) 4
(644) 1
(645) 1
(646) 3
(647) 3
(648) 1
(649) 3
(651) 3
(652) 1
(653) 4
(654) 3
(655) 1
(658) 1
(659) 2
(661) 1
(663) 1
(664) 2
(665) 3
(666) 1
(668) 1
(669) 2
(670) 1
(671) 3
(673) 1
(674) 1
(675) 2
(676) 3
(677) 1
(678) 2
(679) 2
(680) 1
(683) 1
(684) 1
(685) 2
(686) 3
(688) 1
(689) 1
(691) 2
(693) 1
(699) 3
(700) 3
(702) 1
(703) 1
(705) 2
(706) 2
(707) 1
(708) 1
(709) 5
(710) 3
(711) 4
(712) 5
(713) 2
(714) 2
(715) 3
(716) 1
(717) 4
(718) 2
(719) 1
(720) 1
(723) 1
(724) 2
(725) 1
(727) 2
(728) 2
(729) 2
(732) 1
(733) 1
(734) 2
(735) 3
(736) 3
(737) 3
(738) 1
(739) 4
(742) 2
(743) 1
(744) 1
(746) 1
(747) 2
(748) 3
(749) 2
(750) 4
(751) 2
(752) 1
(753) 2
(754) 1
(756) 6
(758) 2
(759) 1
(760) 1
(761) 1
(762) 2
(763) 3
(764) 2
(765) 3
(766) 2
(767) 2
(768) 5
(770) 2
(771) 3
(772) 5
(773) 3
(774) 2
(775) 3
(777) 3
(779) 2
(781) 2
(782) 5
(783) 2
(784) 1
(785) 3
(786) 1
(787) 4
(788) 3
(789) 3
(790) 3
(791) 5
(792) 4
(793) 1
(794) 4
(795) 1
(796) 2
(797) 1
(798) 1
(799) 3
(800) 1
(801) 4
(802) 3
(803) 3
(804) 1
(805) 2
(806) 3
(807) 2
(808) 4
(809) 3
(810) 1
(811) 2
(812) 6
(813) 2
(815) 1
(816) 1
(817) 1
(818) 3
(819) 2
(820) 3
(821) 3
(822) 3
(823) 4
(824) 3
(825) 1
(826) 4
(827) 3
(829) 1
(830) 1
(831) 2
(832) 3
(833) 1
(834) 1
(835) 2
(836) 4
(837) 1
(838) 1
(839) 4
(841) 1
(842) 2
(843) 2
(845) 2
(846) 2
(847) 1
(848) 3
(850) 1
(851) 1
(852) 2
(857) 3
(858) 1
(859) 1
(860) 1
(861) 1
(862) 1
(864) 1
(865) 1
(868) 1
(870) 2
(872) 1
(874) 3
(875) 2
(877) 1
(878) 2
(879) 1
(881) 2
(882) 1
(887) 1
(889) 2
(890) 1
(893) 1
(895) 1
(896) 1
(902) 1
(905) 1
(906) 2
(917) 1
(919) 1
(935) 2
(936) 1
(939) 2
(941) 1
(943) 1
(946) 2
(947) 1
(950) 1
(961) 1
(964) 1
(971) 1
(976) 1
(977) 1
(981) 1
(982) 1
(983) 1
(986) 1
(988) 1
(995) 1
(1004) 1
(1007) 1
(1010) 1
(1012) 1
(1019) 1
(1020) 1
(1022) 1
(1028) 1
(1030) 1
(1042) 1
(1044) 1
(1045) 1
(1046) 1
(1047) 1
(1055) 1
(1063) 2
(1064) 2
(1072) 1
(1075) 2
(1082) 1
(1084) 1
(1086) 1
(1090) 1
(1104) 1
(1105) 1
(1121) 1
(1125) 1
(1135) 1
(1137) 1
(1139) 1
(1140) 1
(1150) 1
(1152) 1
(1154) 1
(1156) 1
(1159) 2
(1164) 1
(1172) 1
(1173) 1
(1180) 1
(1187) 2
(1189) 1
(1193) 1
(1198) 2
(1213) 1
(1219) 1
(1227) 1
(1229) 1
(1242) 1
(1247) 1
(1249) 1
(1259) 1
(1268) 1
(1274) 1
(1290) 2
(1292) 1
(1308) 1
(1312) 1
(1316) 1
(1319) 1
(1324) 1
(1325) 1
(1329) 1
(1343) 1
(1356) 1
(1365) 1
(1379) 1
(1385) 1
(1389) 1
(1390) 1
(1396) 1
(1397) 1
(1399) 1
(1404) 2
(1407) 1
(1412) 1
(1413) 1
(1415) 2
(1419) 1
(1420) 1
(1423) 1
(1424) 1
(1427) 1
(1429) 3
(1434) 1
(1436) 1
(1437) 1
(1439) 2
(1444) 2
(1447) 1
(1448) 2
(1450) 1
(1468) 1
(1474) 1
(1488) 1
(1489) 1
(1491) 1
(1577) 1
(1601) 1
(1603) 1
(1643) 1
(1671) 1
(1704) 1
(1822) 1
(1877) 1
(2035) 1
(2071) 1
(2099) 1
(2122) 1
(2182) 1
(2267) 1
(2338) 1
(2348) 1
(2366) 1
(2454) 1
(2474) 1
(2705) 1
(2803) 1
(2948) 1
(2970) 2
(3050) 1
(3300) 1
(3416) 1
(3490) 1
(3571) 1
(3584) 1
(3656) 1
(3737) 1
(3948) 1
(4039) 1
(4048) 1
(4224) 1
(4382) 1
(4417) 1
(4648) 1
(4700) 1
(5114) 1
(5201) 1
(5410) 1
(5679) 1
(6388) 1
(6640) 1
(6673) 1
(7301) 1
(8477) 1
(8857) 1
(9070) 1
(9133) 1
(9195) 1
(9208) 1
(9313) 1
(9400) 1
(9486) 1
(9532) 1
(9717) 1
(9735) 1
(9809) 1
(9926) 1
(9979) 1
(10079) 1
(10186) 1
(10407) 1
(10564) 1
(10568) 1
(10921) 1
(10922) 69
(-1) -1
"BGO_ModID00_ChID13" (11000)
Fri Aug 30 18:50:34 2019
 3
1 long 
("BGOarray.raw.chanid013.adc")
(0 33000) 
--------------------------------------------
(0) 481
(1) 4
(2) 4
(3) 13
(4) 25
(5) 12
(6) 20
(7) 6
(8) 12
(9) 6
(10) 6
(11) 9
(12) 9
(13) 14
(14) 7
(15) 10
(16) 13
(17) 7
(18) 10
(19) 17
(20) 18
(21) 19
(22) 21
(23) 30
(24) 46
(25) 66
(26) 77
(27) 95
(28) 68
(29) 58
(30) 46
(31) 38
(32) 38
(33) 22
(34) 29
(35) 19
(36) 26
(37) 14
(38) 9
(39) 15
(40) 11
(41) 9
(42) 9
(43) 6
(44) 5
(45) 4
(46) 6
(47) 2
(48) 3
(49) 5
(50) 2
(51) 3
(52) 1
(53) 1
(54) 1
(55) 2
(56) 1
(57) 1
(58) 1
(59) 3
(60) 2
(61) 2
(63) 2
(64) 1
(65) 1
(66) 1
(69) 3
(71) 1
(74) 1
(75) 1
(76) 1
(82) 1
(83) 2
(84) 1
(85) 2
(86) 2
(87) 1
(88) 1
(89) 2
(90) 1
(91) 1
(92) 3
(93) 4
(94) 1
(95) 3
(96) 3
(97) 2
(98) 2
(99) 7
(100) 3
(101) 2
(102) 4
(103) 2
(104) 6
(105) 3
(106) 7
(107) 7
(108) 2
(109) 5
(110) 1
(111) 7
(112) 2
(113) 4
(114) 5
(115) 5
(116) 5
(117) 9
(118) 5
(119) 1
(120) 7
(121) 4
(122) 7
(123) 6
(124) 7
(125) 8
(126) 7
(127) 8
(128) 3
(129) 3
(130) 4
(131) 5
(132) 8
(133) 7
(134) 6
(135) 4
(136) 5
(137) 2
(138) 5
(139) 8
(140) 12
(141) 3
(142) 3
(143) 6
(144) 11
(145) 6
(146) 9
(147) 5
(148) 8
(149) 3
(150) 8
(151) 5
(152) 5
(153) 4
(154) 7
(155) 10
(156) 5
(157) 8
(158) 6
(159) 12
(160) 2
(161) 12
(162) 10
(163) 3
(164) 13
(165) 2
(166) 8
(167) 6
(168) 7
(169) 4
(170) 6
(171) 4
(172) 5
(173) 8
(174) 6
(175) 4
(176) 5
(177) 4
(178) 2
(179) 7
(180) 7
(181) 2
(182) 8
(183) 5
(184) 6
(185) 3
(186) 4
(187) 6
(188) 6
(189) 4
(190) 4
(191) 4
(192) 4
(193) 3
(194) 4
(195) 2
(196) 5
(197) 4
(198) 3
(199) 5
(200) 3
(201) 5
(202) 2
(203) 8
(204) 7
(205) 3
(206) 5
(207) 4
(208) 3
(209) 4
(210) 6
(211) 3
(212) 5
(213) 4
(214) 4
(215) 8
(216) 2
(217) 6
(218) 7
(219) 6
(220) 4
(221) 8
(222) 6
(223) 4
(224) 1
(225) 2
(226) 6
(227) 4
(228) 11
(229) 4
(230) 3
(231) 6
(232) 6
(233) 4
(234) 8
(235) 7
(236) 3
(237) 5
(238) 4
(239) 3
(240) 3
(241) 5
(242) 8
(243) 8
(244) 5
(245) 9
(246) 4
(247) 8
(248) 9
(249) 1
(250) 3
(251) 6
(252) 2
(253) 4
(254) 6
(255) 6
(256) 8
(257) 7
(258) 4
(259) 3
(260) 3
(261) 10
(262) 3
(263) 9
(264) 7
(265) 2
(266) 5
(267) 3
(268) 5
(269) 5
(270) 2
(271) 2
(272) 6
(273) 4
(274) 5
(275) 2
(276) 7
(277) 10
(278) 6
(279) 2
(280) 5
(281) 6
(282) 5
(283) 6
(284) 4
(285) 6
(286) 6
(287) 4
(288) 3
(289) 3
(290) 6
(291) 4
(292) 6
(293) 5
(294) 2
(295) 5
(296) 4
(297) 3
(298) 7
(299) 3
(300) 4
(301) 7
(302) 2
(303) 5
(304) 5
(305) 6
(306) 6
(308) 4
(309) 8
(310) 4
(311) 2
(312) 6
(313) 3
(314) 5
(315) 5
(316) 5
(317) 3
(318) 6
(319) 3
(320) 1
(321) 5
(322) 3
(323) 6
(324) 4
(325) 7
(326) 1
(327) 2
(328) 6
(329) 3
(330) 3
(331) 4
(332) 1
(333) 5
(334) 3
(335) 4
(336) 4
(337) 1
(338) 5
(340) 2
(341) 4
(342) 3
(343) 2
(344) 3
(345) 6
(346) 3
(347) 4
(348) 2
(349) 2
(350) 1
(351) 5
(352) 3
(353) 4
(354) 3
(355) 3
(356) 4
(357) 3
(358) 5
(359) 3
(360) 4
(361) 5
(362) 1
(364) 2
(365) 1
(366) 3
(367) 3
(368) 2
(369) 1
(370) 2
(371) 4
(372) 4
(373) 3
(375) 6
(376) 3
(377) 1
(378) 1
(379) 3
(380) 6
(381) 2
(382) 8
(383) 2
(385) 1
(386) 1
(387) 4
(388) 3
(389) 2
(391) 2
(392) 5
(394) 3
(395) 5
(396) 4
(398) 9
(399) 4
(400) 1
(401) 3
(402) 2
(403) 3
(404) 5
(405) 4
(406) 2
(407) 3
(408) 3
(409) 3
(410) 5
(411) 2
(413) 2
(414) 5
(415) 7
(416) 1
(417) 1
(418) 7
(419) 6
(420) 1
(421) 2
(422) 3
(423) 4
(424) 1
(425) 2
(426) 2
(427) 2
(428) 1
(430) 4
(431) 1
(432) 4
(433) 2
(434) 2
(435) 2
(436) 3
(437) 1
(438) 1
(439) 2
(440) 5
(441) 3
(442) 2
(443) 2
(444) 3
(445) 3
(446) 3
(447) 3
(448) 5
(449) 2
(450) 1
(451) 2
(452) 2
(453) 2
(454) 1
(455) 5
(456) 5
(457) 1
(458) 2
(459) 1
(460) 2
(461) 4
(462) 3
(463) 5
(464) 4
(465) 5
(466) 1
(467) 2
(468) 2
(469) 2
(470) 1
(471) 2
(472) 3
(473) 2
(474) 2
(475) 1
(476) 3
(477) 2
(478) 2
(479) 4
(480) 5
(481) 4
(482) 4
(483) 2
(484) 5
(485) 2
(486) 3
(487) 1
(488) 1
(489) 1
(490) 2
(491) 1
(492) 2
(493) 3
(494) 2
(495) 1
(496) 2
(498) 1
(499) 4
(500) 2
(501) 6
(502) 2
(503) 3
(504) 4
(505) 4
(506) 3
(507) 2
(508) 5
(509) 3
(510) 1
(511) 2
(512) 1
(513) 5
(514) 6
(515) 2
(516) 3
(517) 1
(518) 4
(519) 5
(520) 1
(521) 3
(523) 1
(524) 3
(525) 4
(526) 2
(527) 2
(528) 3
(529) 3
(530) 2
(531) 2
(532) 1
(533) 2
(534) 1
(535) 3
(536) 3
(537) 1
(538) 2
(540) 2
(541) 1
(542) 2
(543) 1
(545) 2
(546) 2
(547) 1
(548) 4
(549) 4
(550) 2
(551) 4
(554) 4
(555) 2
(557) 1
(559) 2
(562) 3
(563) 2
(564) 2
(565) 1
(567) 1
(569) 2
(570) 2
(571) 5
(572) 1
(574) 5
(576) 2
(578) 2
(579) 2
(580) 1
(581) 2
(583) 3
(584) 1
(585) 2
(588) 1
(589) 3
(590) 1
(591) 5
(592) 3
(593) 4
(594) 2
(595) 2
(596) 1
(597) 1
(598) 1
(599) 3
(600) 2
(601) 7
(603) 1
(604) 6
(605) 3
(606) 2
(607) 2
(608) 3
(609) 1
(610) 1
(611) 1
(612) 1
(613) 1
(614) 2
(616) 2
(617) 2
(618) 2
(619) 2
(620) 2
(621) 1
(622) 1
(623) 1
(624) 4
(626) 4
(627) 1
(629) 2
(630) 1
(631) 3
(632) 1
(635) 1
(637) 3
(638) 1
(639) 1
(640) 1
(641) 2
(642) 2
(643) 1
(644) 1
(645) 1
(646) 1
(647) 2
(649) 1
(652) 1
(655) 2
(656) 1
(657) 1
(658) 1
(659) 1
(660) 1
(661) 2
(663) 3
(665) 1
(668) 1
(669) 1
(670) 2
(671) 2
(672) 1
(673) 1
(674) 2
(675) 1
(677) 2
(679) 1
(681) 1
(682) 2
(683) 1
(684) 1
(685) 2
(687) 3
(688) 1
(689) 2
(690) 1
(691) 2
(693) 1
(694) 1
(695) 3
(696) 1
(697) 3
(698) 1
(701) 2
(702) 2
(704) 3
(705) 5
(707) 2
(709) 1
(710) 3
(712) 3
(713) 2
(715) 4
(716) 4
(720) 3
(721) 2
(722) 3
(723) 2
(724) 1
(725) 3
(726) 2
(727) 1
(728) 5
(729) 5
(730) 2
(731) 2
(732) 1
(734) 2
(735) 4
(736) 3
(737) 4
(738) 2
(739) 1
(740) 2
(741) 1
(742) 1
(743) 3
(744) 2
(745) 1
(746) 3
(747) 4
(748) 3
(749) 4
(750) 4
(751) 6
(752) 2
(754) 2
(756) 1
(757) 1
(758) 3
(759) 4
(760) 5
(761) 2
(762) 1
(763) 2
(764) 1
(766) 5
(767) 3
(768) 2
(769) 2
(770) 1
(772) 5
(773) 4
(774) 2
(775) 2
(776) 3
(777) 2
(778) 3
(779) 1
(780) 5
(781) 2
(782) 6
(783) 4
(784) 4
(785) 3
(786) 5
(787) 3
(788) 3
(789) 2
(790) 3
(791) 4
(792) 3
(793) 4
(794) 5
(795) 2
(796) 4
(797) 3
(798) 3
(800) 3
(802) 1
(803) 2
(804) 4
(805) 3
(806) 1
(807) 2
(809) 4
(810) 2
(811) 2
(812) 1
(813) 1
(815) 3
(816) 1
(817) 2
(818) 2
(820) 1
(821) 3
(822) 3
(823) 2
(824) 1
(825) 2
(826) 1
(827) 2
(828) 1
(829) 2
(833) 3
(835) 2
(836) 2
(837) 1
(838) 2
(839) 1
(840) 1
(841) 1
(842) 1
(843) 1
(844) 1
(848) 1
(849) 1
(853) 1
(854) 1
(857) 2
(859) 1
(863) 1
(865) 1
(866) 1
(867) 1
(868) 2
(871) 1
(874) 1
(875) 1
(877) 2
(879) 1
(883) 1
(884) 1
(886) 1
(888) 1
(889) 1
(891) 1
(896) 1
(900) 1
(905) 1
(910) 2
(913) 1
(915) 1
(917) 2
(918) 1
(921) 1
(927) 1
(928) 1
(940) 2
(948) 1
(952) 1
(954) 1
(965) 1
(969) 1
(986) 1
(987) 1
(992) 1
(993) 1
(999) 1
(1001) 1
(1002) 1
(1003) 1
(1006) 1
(1007) 2
(1009) 1
(1035) 2
(1036) 1
(1037) 1
(1040) 1
(1044) 1
(1048) 1
(1066) 1
(1067) 1
(1073) 1
(1075) 2
(1084) 1
(1085) 1
(1115) 1
(1126) 1
(1142) 1
(1150) 1
(1152) 1
(1156) 1
(1161) 1
(1163) 1
(1170) 1
(1171) 1
(1180) 1
(1183) 1
(1184) 1
(1190) 1
(1197) 1
(1198) 1
(1201) 2
(1227) 1
(1231) 1
(1233) 1
(1242) 1
(1248) 1
(1276) 1
(1280) 1
(1282) 1
(1285) 1
(1314) 1
(1322) 1
(1330) 3
(1332) 1
(1335) 1
(1346) 1
(1355) 1
(1360) 1
(1368) 1
(1369) 1
(1370) 1
(1379) 2
(1384) 2
(1385) 1
(1387) 1
(1392) 1
(1394) 1
(1397) 1
(1410) 1
(1412) 1
(1413) 1
(1414) 1
(1419) 2
(1422) 1
(1428) 1
(1433) 1
(1443) 3
(1446) 1
(1451) 2
(1474) 1
(1476) 1
(1481) 1
(1483) 1
(1505) 1
(1513) 1
(1515) 1
(1559) 1
(1564) 1
(1667) 1
(1679) 1
(1777) 1
(1955) 1
(2086) 1
(2208) 1
(2228) 1
(2280) 1
(2291) 1
(2331) 1
(2372) 1
(2448) 1
(2773) 1
(2858) 1
(2891) 1
(2989) 1
(3252) 1
(3254) 1
(3269) 1
(3290) 1
(3423) 1
(3511) 1
(3586) 1
(3620) 1
(3706) 1
(3853) 1
(4148) 1
(4166) 1
(4366) 1
(4442) 1
(4532) 1
(4566) 1
(5058) 1
(5830) 1
(5915) 1
(6254) 1
(6432) 1
(6486) 1
(6730) 1
(6731) 1
(6854) 1
(6889) 1
(6972) 1
(7247) 1
(7743) 1
(7808) 1
(7880) 1
(8154) 1
(8320) 1
(8340) 1
(8612) 1
(8718) 1
(8885) 1
(8886) 1
(8918) 1
(9035) 1
(9043) 1
(9487) 1
(9516) 1
(9589) 1
(10350) 1
(10819) 1
(10874) 1
(10922) 67
(-1) -1
