79 1
174 1
182 1
184 1
185 1
187 1
188 1
189 1
190 1
193 1
194 1
197 1
201 1
208 1
211 1
213 2
227 1
243 1
250 1
253 1
257 1
262 1
270 1
281 1
283 1
302 1
314 1
316 1
343 1
349 1
354 1
361 3
362 3
365 1
367 1
368 1
369 3
370 4
371 1
372 3
373 1
374 5
375 1
376 2
377 1
379 2
380 2
381 2
384 3
385 3
386 8
387 1
388 2
389 2
390 2
391 5
392 1
393 1
394 4
395 3
396 9
397 5
398 3
399 5
400 5
401 5
402 3
403 2
404 5
405 8
406 9
407 7
408 6
409 6
410 5
411 10
412 8
413 10
414 7
415 17
416 19
417 9
418 11
419 8
420 19
421 20
422 15
423 15
424 14
425 21
426 24
427 14
428 11
429 12
430 21
431 20
432 18
433 23
434 15
435 16
436 24
437 19
438 22
439 21
440 30
441 18
442 22
443 20
444 22
445 21
446 38
447 31
448 34
449 42
450 39
451 25
452 34
453 30
454 42
455 33
456 43
457 38
458 37
459 38
460 41
461 48
462 36
463 40
464 35
465 50
466 49
467 43
468 55
469 53
470 59
471 67
472 54
473 58
474 58
475 61
476 62
477 68
478 66
479 67
480 63
481 73
482 78
483 70
484 83
485 68
486 81
487 86
488 70
489 82
490 91
491 81
492 95
493 92
494 77
495 92
496 100
497 89
498 87
499 78
500 88
501 92
502 85
503 106
504 120
505 100
506 94
507 93
508 97
509 91
510 104
511 99
512 118
513 116
514 120
515 106
516 100
517 104
518 122
519 120
520 115
521 126
522 99
523 131
524 148
525 115
526 126
527 113
528 109
529 137
530 136
531 142
532 117
533 132
534 141
535 146
536 136
537 134
538 131
539 125
540 131
541 141
542 156
543 138
544 157
545 128
546 150
547 138
548 145
549 140
550 139
551 156
552 167
553 130
554 160
555 135
556 152
557 150
558 138
559 139
560 166
561 139
562 150
563 162
564 135
565 184
566 176
567 156
568 161
569 178
570 159
571 146
572 138
573 178
574 175
575 168
576 163
577 170
578 144
579 153
580 174
581 191
582 161
583 176
584 157
585 182
586 197
587 170
588 174
589 172
590 152
591 167
592 190
593 166
594 169
595 165
596 166
597 178
598 194
599 194
600 167
601 158
602 182
603 195
604 175
605 167
606 167
607 144
608 166
609 179
610 195
611 174
612 189
613 156
614 174
615 197
616 171
617 154
618 182
619 193
620 180
621 181
622 164
623 189
624 206
625 183
626 176
627 184
628 177
629 173
630 179
631 173
632 159
633 165
634 186
635 170
636 198
637 166
638 190
639 176
640 171
641 186
642 188
643 189
644 177
645 185
646 183
647 168
648 161
649 163
650 168
651 192
652 178
653 179
654 187
655 169
656 172
657 173
658 167
659 176
660 168
661 200
662 171
663 163
664 188
665 171
666 170
667 172
668 176
669 180
670 169
671 160
672 190
673 175
674 199
675 143
676 189
677 152
678 160
679 212
680 174
681 189
682 151
683 186
684 176
685 162
686 181
687 205
688 168
689 154
690 162
691 166
692 160
693 159
694 200
695 163
696 175
697 169
698 138
699 150
700 194
701 183
702 176
703 168
704 153
705 189
706 171
707 149
708 169
709 146
710 195
711 174
712 156
713 179
714 169
715 175
716 177
717 163
718 198
719 173
720 179
721 179
722 167
723 170
724 178
725 169
726 180
727 189
728 155
729 146
730 176
731 160
732 154
733 163
734 174
735 175
736 165
737 153
738 149
739 169
740 157
741 159
742 159
743 193
744 199
745 175
746 190
747 188
748 160
749 165
750 152
751 172
752 171
753 131
754 180
755 175
756 158
757 179
758 176
759 148
760 153
761 165
762 184
763 167
764 177
765 175
766 154
767 154
768 176
769 173
770 163
771 164
772 167
773 171
774 163
775 175
776 178
777 174
778 156
779 163
780 155
781 162
782 154
783 153
784 167
785 159
786 160
787 149
788 161
789 164
790 158
791 146
792 195
793 169
794 166
795 170
796 175
797 153
798 178
799 157
800 159
801 162
802 180
803 170
804 162
805 169
806 156
807 151
808 151
809 168
810 137
811 181
812 150
813 151
814 176
815 160
816 164
817 165
818 154
819 146
820 184
821 168
822 145
823 162
824 162
825 148
826 174
827 157
828 173
829 146
830 147
831 160
832 149
833 162
834 158
835 149
836 143
837 168
838 132
839 152
840 156
841 152
842 159
843 174
844 142
845 176
846 149
847 149
848 174
849 173
850 137
851 161
852 157
853 141
854 151
855 136
856 137
857 158
858 130
859 138
860 135
861 153
862 149
863 149
864 140
865 147
866 144
867 154
868 157
869 133
870 118
871 140
872 144
873 144
874 152
875 139
876 145
877 164
878 152
879 151
880 148
881 140
882 161
883 170
884 155
885 141
886 152
887 151
888 142
889 144
890 143
891 158
892 171
893 142
894 174
895 145
896 154
897 159
898 145
899 156
900 145
901 141
902 133
903 128
904 155
905 136
906 152
907 157
908 142
909 153
910 151
911 172
912 150
913 142
914 147
915 127
916 134
917 131
918 155
919 150
920 131
921 145
922 154
923 138
924 161
925 166
926 149
927 137
928 138
929 160
930 171
931 145
932 163
933 146
934 131
935 148
936 141
937 120
938 141
939 146
940 145
941 123
942 141
943 160
944 163
945 145
946 120
947 152
948 166
949 146
950 139
951 122
952 141
953 141
954 141
955 129
956 157
957 130
958 162
959 141
960 135
961 146
962 152
963 131
964 132
965 146
966 137
967 145
968 161
969 126
970 137
971 138
972 161
973 118
974 154
975 130
976 133
977 153
978 141
979 146
980 140
981 140
982 160
983 136
984 136
985 142
986 126
987 147
988 145
989 127
990 143
991 137
992 150
993 121
994 155
995 116
996 147
997 143
998 118
999 151
1000 143
1001 127
1002 146
1003 150
1004 126
1005 141
1006 123
1007 119
1008 132
1009 131
1010 146
1011 134
1012 125
1013 136
1014 144
1015 137
1016 130
1017 135
1018 136
1019 146
1020 134
1021 139
1022 121
1023 136
1024 130
1025 150
1026 138
1027 128
1028 157
1029 117
1030 127
1031 123
1032 120
1033 123
1034 158
1035 129
1036 124
1037 138
1038 135
1039 116
1040 135
1041 146
1042 126
1043 140
1044 133
1045 143
1046 124
1047 146
1048 119
1049 136
1050 121
1051 119
1052 139
1053 110
1054 125
1055 115
1056 131
1057 125
1058 118
1059 121
1060 146
1061 125
1062 116
1063 139
1064 148
1065 132
1066 129
1067 113
1068 135
1069 121
1070 130
1071 137
1072 136
1073 141
1074 116
1075 137
1076 122
1077 142
1078 129
1079 124
1080 107
1081 129
1082 98
1083 118
1084 144
1085 137
1086 130
1087 115
1088 124
1089 135
1090 138
1091 123
1092 125
1093 125
1094 123
1095 108
1096 119
1097 122
1098 104
1099 141
1100 133
1101 120
1102 121
1103 122
1104 122
1105 130
1106 117
1107 115
1108 120
1109 142
1110 107
1111 134
1112 126
1113 109
1114 140
1115 118
1116 106
1117 98
1118 114
1119 129
1120 117
1121 130
1122 106
1123 95
1124 122
1125 118
1126 116
1127 100
1128 127
1129 116
1130 127
1131 83
1132 113
1133 109
1134 113
1135 111
1136 101
1137 94
1138 99
1139 104
1140 97
1141 114
1142 128
1143 107
1144 105
1145 118
1146 119
1147 115
1148 112
1149 130
1150 113
1151 128
1152 121
1153 123
1154 108
1155 120
1156 97
1157 121
1158 110
1159 121
1160 106
1161 100
1162 102
1163 109
1164 113
1165 112
1166 113
1167 99
1168 105
1169 121
1170 120
1171 121
1172 100
1173 112
1174 99
1175 112
1176 122
1177 93
1178 96
1179 81
1180 97
1181 96
1182 114
1183 90
1184 111
1185 113
1186 112
1187 104
1188 118
1189 106
1190 104
1191 91
1192 104
1193 95
1194 114
1195 93
1196 91
1197 100
1198 90
1199 113
1200 112
1201 108
1202 109
1203 83
1204 94
1205 97
1206 94
1207 103
1208 99
1209 107
1210 109
1211 82
1212 124
1213 104
1214 82
1215 108
1216 91
1217 96
1218 103
1219 114
1220 105
1221 88
1222 87
1223 105
1224 89
1225 107
1226 122
1227 94
1228 105
1229 104
1230 92
1231 91
1232 93
1233 107
1234 106
1235 98
1236 97
1237 112
1238 105
1239 114
1240 88
1241 84
1242 94
1243 82
1244 106
1245 91
1246 112
1247 91
1248 93
1249 105
1250 112
1251 89
1252 105
1253 95
1254 83
1255 105
1256 107
1257 95
1258 108
1259 98
1260 83
1261 104
1262 115
1263 91
1264 126
1265 97
1266 90
1267 93
1268 104
1269 88
1270 92
1271 93
1272 93
1273 82
1274 113
1275 100
1276 110
1277 91
1278 105
1279 94
1280 99
1281 97
1282 89
1283 92
1284 101
1285 105
1286 92
1287 97
1288 91
1289 102
1290 88
1291 88
1292 102
1293 105
1294 95
1295 102
1296 102
1297 99
1298 112
1299 113
1300 100
1301 104
1302 106
1303 112
1304 105
1305 112
1306 93
1307 112
1308 92
1309 118
1310 96
1311 87
1312 102
1313 105
1314 116
1315 101
1316 99
1317 109
1318 123
1319 102
1320 118
1321 104
1322 95
1323 122
1324 100
1325 103
1326 107
1327 108
1328 110
1329 116
1330 92
1331 115
1332 108
1333 114
1334 107
1335 101
1336 114
1337 101
1338 105
1339 103
1340 104
1341 102
1342 97
1343 99
1344 127
1345 129
1346 124
1347 119
1348 134
1349 105
1350 132
1351 124
1352 123
1353 122
1354 115
1355 117
1356 112
1357 138
1358 131
1359 112
1360 112
1361 132
1362 142
1363 126
1364 132
1365 131
1366 140
1367 124
1368 136
1369 136
1370 176
1371 165
1372 138
1373 136
1374 156
1375 136
1376 152
1377 148
1378 143
1379 164
1380 156
1381 164
1382 161
1383 157
1384 140
1385 155
1386 162
1387 160
1388 159
1389 169
1390 165
1391 197
1392 176
1393 170
1394 196
1395 163
1396 162
1397 221
1398 155
1399 175
1400 200
1401 204
1402 176
1403 189
1404 197
1405 182
1406 222
1407 173
1408 199
1409 211
1410 198
1411 217
1412 168
1413 201
1414 215
1415 200
1416 228
1417 214
1418 212
1419 211
1420 229
1421 217
1422 234
1423 235
1424 228
1425 223
1426 248
1427 228
1428 253
1429 249
1430 259
1431 273
1432 258
1433 282
1434 287
1435 269
1436 278
1437 249
1438 270
1439 288
1440 284
1441 295
1442 274
1443 304
1444 307
1445 326
1446 315
1447 297
1448 293
1449 316
1450 305
1451 307
1452 302
1453 303
1454 324
1455 308
1456 372
1457 346
1458 372
1459 330
1460 315
1461 346
1462 352
1463 337
1464 352
1465 399
1466 373
1467 404
1468 406
1469 392
1470 393
1471 388
1472 376
1473 412
1474 408
1475 429
1476 422
1477 420
1478 462
1479 433
1480 453
1481 454
1482 462
1483 460
1484 436
1485 452
1486 461
1487 498
1488 493
1489 496
1490 497
1491 492
1492 476
1493 516
1494 482
1495 469
1496 512
1497 499
1498 484
1499 553
1500 540
1501 471
1502 520
1503 552
1504 596
1505 533
1506 586
1507 537
1508 571
1509 532
1510 587
1511 569
1512 586
1513 596
1514 586
1515 600
1516 590
1517 582
1518 592
1519 604
1520 647
1521 622
1522 612
1523 639
1524 654
1525 597
1526 615
1527 660
1528 658
1529 675
1530 639
1531 658
1532 680
1533 661
1534 710
1535 661
1536 691
1537 677
1538 733
1539 733
1540 774
1541 704
1542 731
1543 716
1544 727
1545 834
1546 739
1547 697
1548 734
1549 731
1550 737
1551 731
1552 723
1553 782
1554 773
1555 790
1556 761
1557 833
1558 796
1559 775
1560 808
1561 834
1562 808
1563 837
1564 805
1565 822
1566 795
1567 808
1568 777
1569 841
1570 849
1571 894
1572 866
1573 801
1574 790
1575 904
1576 850
1577 845
1578 796
1579 798
1580 874
1581 868
1582 816
1583 831
1584 864
1585 846
1586 893
1587 856
1588 885
1589 863
1590 889
1591 909
1592 915
1593 841
1594 849
1595 878
1596 892
1597 903
1598 928
1599 850
1600 915
1601 907
1602 860
1603 854
1604 921
1605 868
1606 848
1607 842
1608 888
1609 844
1610 846
1611 888
1612 914
1613 907
1614 882
1615 870
1616 879
1617 877
1618 849
1619 912
1620 897
1621 867
1622 903
1623 862
1624 909
1625 907
1626 866
1627 902
1628 880
1629 829
1630 827
1631 862
1632 852
1633 833
1634 811
1635 875
1636 879
1637 812
1638 852
1639 901
1640 820
1641 798
1642 773
1643 834
1644 857
1645 878
1646 860
1647 848
1648 812
1649 863
1650 836
1651 835
1652 868
1653 849
1654 788
1655 848
1656 748
1657 782
1658 746
1659 808
1660 792
1661 842
1662 787
1663 830
1664 756
1665 777
1666 753
1667 791
1668 770
1669 781
1670 775
1671 735
1672 749
1673 777
1674 743
1675 799
1676 718
1677 741
1678 685
1679 730
1680 696
1681 750
1682 752
1683 720
1684 703
1685 706
1686 677
1687 731
1688 688
1689 717
1690 740
1691 685
1692 650
1693 709
1694 676
1695 650
1696 631
1697 606
1698 625
1699 632
1700 609
1701 633
1702 636
1703 622
1704 647
1705 592
1706 609
1707 572
1708 575
1709 607
1710 545
1711 594
1712 569
1713 588
1714 597
1715 590
1716 519
1717 540
1718 503
1719 589
1720 537
1721 534
1722 496
1723 510
1724 485
1725 473
1726 512
1727 469
1728 513
1729 495
1730 470
1731 513
1732 469
1733 508
1734 475
1735 452
1736 474
1737 423
1738 433
1739 438
1740 415
1741 420
1742 433
1743 449
1744 409
1745 435
1746 417
1747 401
1748 405
1749 387
1750 383
1751 371
1752 377
1753 405
1754 389
1755 361
1756 366
1757 387
1758 322
1759 312
1760 330
1761 339
1762 324
1763 320
1764 332
1765 347
1766 309
1767 302
1768 300
1769 320
1770 271
1771 267
1772 272
1773 309
1774 303
1775 296
1776 306
1777 278
1778 265
1779 272
1780 290
1781 275
1782 252
1783 270
1784 225
1785 244
1786 272
1787 239
1788 252
1789 233
1790 224
1791 221
1792 216
1793 220
1794 232
1795 226
1796 208
1797 223
1798 198
1799 184
1800 198
1801 177
1802 169
1803 209
1804 220
1805 171
1806 187
1807 162
1808 172
1809 194
1810 167
1811 179
1812 174
1813 170
1814 150
1815 181
1816 156
1817 151
1818 170
1819 165
1820 150
1821 146
1822 150
1823 133
1824 150
1825 147
1826 157
1827 143
1828 151
1829 120
1830 131
1831 111
1832 129
1833 138
1834 127
1835 130
1836 110
1837 113
1838 109
1839 124
1840 117
1841 106
1842 103
1843 105
1844 93
1845 101
1846 100
1847 87
1848 85
1849 97
1850 81
1851 68
1852 82
1853 101
1854 89
1855 86
1856 76
1857 82
1858 69
1859 81
1860 98
1861 61
1862 80
1863 87
1864 78
1865 65
1866 81
1867 60
1868 72
1869 48
1870 46
1871 57
1872 62
1873 55
1874 60
1875 55
1876 56
1877 46
1878 61
1879 58
1880 54
1881 50
1882 41
1883 45
1884 40
1885 41
1886 52
1887 36
1888 61
1889 55
1890 49
1891 52
1892 45
1893 43
1894 33
1895 33
1896 39
1897 27
1898 43
1899 37
1900 32
1901 36
1902 36
1903 26
1904 32
1905 30
1906 33
1907 28
1908 28
1909 23
1910 28
1911 23
1912 42
1913 43
1914 30
1915 29
1916 25
1917 33
1918 25
1919 31
1920 31
1921 31
1922 18
1923 23
1924 24
1925 20
1926 24
1927 24
1928 23
1929 21
1930 22
1931 15
1932 20
1933 22
1934 15
1935 23
1936 18
1937 10
1938 23
1939 21
1940 19
1941 19
1942 13
1943 15
1944 16
1945 9
1946 7
1947 7
1948 12
1949 8
1950 10
1951 16
1952 15
1953 9
1954 10
1955 13
1956 12
1957 11
1958 10
1959 9
1960 12
1961 11
1962 12
1963 12
1964 12
1965 12
1966 4
1967 13
1968 9
1969 8
1970 8
1971 18
1972 7
1973 6
1974 11
1975 11
1976 8
1977 2
1978 7
1979 5
1980 7
1981 7
1982 8
1983 8
1984 9
1985 12
1986 9
1987 10
1988 8
1989 4
1990 7
1991 9
1992 8
1993 4
1994 6
1995 5
1996 4
1997 2
1998 4
1999 13
2000 6
2001 3
2002 4
2003 6
2004 8
2005 5
2006 7
2007 6
2008 4
2009 6
2010 5
2011 7
2012 3
2013 8
2014 8
2015 4
2016 9
2017 3
2018 5
2019 4
2020 2
2021 6
2022 8
2023 4
2024 5
2025 4
2026 3
2027 4
2028 4
2029 3
2030 3
2031 4
2032 5
2033 6
2034 2
2035 2
2036 2
2037 10
2038 2
2039 7
2040 3
2041 7
2042 4
2043 3
2044 4
2045 6
2046 1
2047 3
2048 4
2049 4
2050 3
2051 1
2052 3
2053 4
2054 6
2055 5
2056 7
2057 7
2058 2
2059 4
2060 6
2061 6
2062 1
2064 5
2065 4
2066 5
2067 1
2068 5
2069 8
2070 6
2071 4
2072 7
2073 4
2074 6
2075 4
2076 2
2077 6
2078 2
2079 3
2080 4
2081 1
2082 6
2083 3
2084 4
2085 1
2086 8
2087 4
2088 3
2089 4
2090 2
2091 6
2092 4
2093 8
2094 4
2095 6
2096 4
2097 1
2098 5
2099 3
2100 4
2101 2
2102 3
2103 2
2104 4
2105 4
2106 3
2107 7
2108 2
2109 6
2110 7
2111 7
2112 2
2113 4
2114 3
2115 7
2116 3
2117 3
2118 4
2119 3
2120 2
2121 1
2122 3
2123 5
2124 1
2125 9
2126 4
2127 1
2128 3
2129 5
2130 2
2131 1
2132 2
2133 5
2135 3
2136 3
2137 1
2138 2
2139 7
2140 2
2141 3
2142 6
2143 9
2144 3
2145 6
2146 2
2147 4
2149 5
2150 5
2151 2
2152 3
2153 3
2154 2
2155 3
2156 7
2157 5
2158 2
2159 7
2160 3
2161 3
2162 1
2163 2
2164 1
2165 5
2166 1
2167 2
2168 4
2169 2
2170 3
2171 2
2172 9
2173 4
2174 7
2175 4
2176 4
2177 1
2178 3
2179 1
2180 5
2181 5
2182 4
2183 4
2185 2
2186 4
2187 3
2188 7
2189 3
2190 2
2191 3
2192 4
2194 5
2195 2
2196 4
2197 2
2198 4
2199 3
2200 4
2201 4
2202 4
2203 1
2204 5
2205 3
2206 7
2207 3
2208 1
2210 5
2211 2
2212 2
2213 1
2214 3
2215 3
2216 5
2217 3
2218 3
2219 4
2220 3
2221 3
2222 1
2223 1
2224 2
2225 2
2226 2
2227 2
2228 6
2229 6
2230 6
2231 4
2232 3
2233 5
2234 3
2235 4
2236 3
2237 5
2238 4
2239 2
2240 3
2241 3
2242 4
2243 5
2244 1
2245 5
2246 4
2247 3
2248 3
2249 2
2250 4
2251 3
2252 7
2253 1
2254 4
2255 4
2256 6
2257 4
2258 4
2259 1
2260 5
2261 1
2262 2
2263 2
2264 3
2265 1
2266 2
2267 2
2268 4
2269 3
2270 7
2271 3
2272 5
2273 2
2274 2
2275 4
2276 3
2277 6
2278 3
2279 2
2280 5
2282 3
2283 4
2284 5
2285 3
2286 2
2287 2
2288 3
2290 9
2291 3
2292 6
2293 3
2294 3
2295 3
2296 4
2297 1
2298 3
2299 8
2300 2
2301 3
2302 2
2304 4
2305 6
2306 4
2307 6
2308 3
2309 3
2310 4
2311 1
2312 3
2313 1
2314 2
2315 4
2316 3
2317 3
2318 3
2319 2
2320 5
2321 2
2322 3
2323 3
2324 8
2325 5
2326 2
2327 2
2328 2
2329 6
2330 3
2331 3
2332 1
2333 1
2334 2
2336 6
2337 2
2338 4
2339 6
2340 4
2341 2
2342 1
2343 5
2344 3
2345 4
2346 2
2347 2
2348 2
2349 2
2350 5
2351 2
2352 2
2353 4
2354 3
2356 3
2357 5
2358 6
2359 5
2360 4
2361 5
2362 4
2363 2
2364 4
2365 4
2366 5
2367 6
2368 3
2370 6
2371 3
2372 4
2373 7
2374 5
2375 5
2376 4
2377 3
2378 2
2379 5
2380 3
2381 2
2382 2
2383 2
2384 2
2385 3
2386 2
2387 2
2388 1
2389 2
2390 4
2391 2
2392 4
2393 4
2394 2
2395 5
2396 5
2397 5
2398 3
2399 2
2400 2
2401 1
2402 1
2403 5
2404 5
2405 4
2406 2
2407 1
2408 2
2409 1
2410 4
2411 2
2412 4
2413 1
2414 1
2415 3
2416 4
2417 1
2418 2
2419 6
2420 4
2421 2
2422 2
2423 4
2424 3
2425 6
2426 1
2427 1
2428 1
2429 5
2430 6
2431 1
2432 3
2433 1
2434 1
2435 3
2436 3
2437 6
2438 1
2439 4
2440 1
2441 5
2442 1
2443 4
2444 2
2445 5
2446 3
2447 4
2448 2
2449 1
2450 6
2451 2
2452 6
2453 4
2454 7
2455 4
2456 5
2457 3
2458 1
2459 1
2460 1
2461 2
2462 2
2463 2
2464 3
2465 4
2466 5
2467 5
2468 2
2469 3
2470 4
2471 4
2472 3
2473 2
2474 5
2475 2
2476 3
2477 1
2478 4
2479 4
2480 1
2481 2
2482 1
2483 2
2484 3
2485 3
2486 1
2488 4
2489 6
2490 3
2491 2
2492 2
2493 3
2494 3
2495 1
2496 3
2497 1
2498 2
2499 4
2500 1
2501 4
2502 3
2504 5
2505 3
2506 3
2507 2
2508 3
2509 3
2510 3
2511 6
2512 1
2513 3
2514 5
2515 2
2516 3
2517 3
2518 3
2519 4
2520 5
2521 4
2522 5
2523 3
2525 2
2526 1
2527 1
2528 2
2529 3
2530 2
2531 2
2532 3
2533 3
2534 4
2535 3
2536 2
2537 3
2539 1
2540 2
2541 2
2542 3
2543 3
2544 1
2545 2
2546 2
2547 4
2548 2
2549 2
2550 3
2551 2
2552 6
2554 3
2555 2
2556 2
2557 1
2558 1
2559 1
2561 2
2562 5
2563 4
2564 1
2565 1
2566 5
2567 4
2568 5
2569 1
2570 3
2571 2
2572 1
2573 1
2574 3
2575 4
2576 4
2578 1
2579 3
2580 3
2581 7
2582 1
2583 2
2584 1
2585 3
2588 1
2589 2
2590 2
2593 1
2594 5
2595 5
2596 2
2597 1
2598 4
2599 2
2601 7
2602 2
2603 1
2604 5
2605 1
2606 3
2607 1
2608 3
2609 3
2610 3
2611 1
2612 4
2613 2
2614 2
2615 2
2617 3
2618 4
2619 2
2620 5
2622 2
2623 4
2624 1
2625 3
2626 1
2627 3
2628 2
2629 4
2630 2
2631 2
2632 1
2633 3
2634 3
2635 6
2636 2
2637 2
2638 2
2639 2
2640 2
2641 1
2642 2
2643 3
2644 2
2645 3
2646 3
2647 3
2648 1
2649 1
2650 4
2652 2
2653 4
2654 2
2655 3
2656 1
2657 5
2658 7
2659 1
2660 4
2661 2
2662 4
2663 2
2664 1
2665 3
2666 6
2667 6
2668 2
2669 2
2671 2
2672 4
2673 3
2674 1
2675 3
2676 3
2677 1
2678 2
2679 3
2680 2
2681 1
2682 2
2683 1
2684 3
2685 2
2686 4
2687 3
2688 2
2689 1
2690 3
2691 3
2692 3
2694 2
2696 2
2697 2
2698 1
2699 2
2700 5
2701 2
2702 4
2703 2
2704 3
2705 1
2706 2
2707 2
2708 2
2709 3
2710 3
2711 3
2712 2
2713 3
2714 2
2717 5
2719 4
2720 1
2721 2
2722 1
2723 2
2724 1
2725 1
2726 1
2727 4
2728 2
2729 2
2730 2
2731 1
2733 1
2734 3
2735 2
2738 3
2739 3
2740 3
2741 4
2743 2
2744 2
2745 1
2746 2
2747 1
2748 3
2749 4
2751 1
2752 1
2753 2
2754 3
2755 1
2757 2
2759 2
2760 3
2761 4
2762 1
2763 3
2765 4
2766 3
2767 1
2768 2
2770 1
2771 2
2772 1
2774 5
2775 3
2777 1
2778 1
2779 3
2780 1
2782 2
2783 1
2784 1
2785 2
2786 1
2789 2
2790 3
2791 5
2792 2
2793 2
2794 3
2795 1
2797 1
2798 6
2799 1
2800 6
2801 3
2802 3
2803 2
2804 2
2805 4
2806 1
2807 2
2808 2
2809 3
2810 2
2813 4
2814 5
2815 4
2816 2
2817 2
2818 3
2819 2
2821 5
2822 2
2823 2
2824 2
2825 4
2826 3
2827 1
2828 1
2829 2
2832 2
2833 3
2834 2
2835 2
2836 2
2837 2
2839 4
2840 1
2841 3
2842 1
2844 3
2845 3
2846 2
2849 3
2851 2
2852 1
2853 2
2855 3
2856 1
2857 3
2858 1
2859 3
2860 1
2861 2
2862 3
2863 1
2864 2
2866 2
2868 1
2869 2
2870 5
2871 1
2872 6
2873 3
2874 1
2875 1
2876 5
2877 2
2878 2
2879 3
2880 2
2881 1
2882 1
2883 3
2884 2
2885 3
2886 4
2887 6
2888 4
2890 1
2891 3
2892 2
2894 1
2895 1
2899 1
2900 1
2901 1
2902 3
2903 2
2904 5
2905 1
2907 1
2908 1
2909 2
2910 1
2911 6
2912 3
2914 6
2916 2
2917 3
2918 2
2919 2
2921 3
2922 2
2923 4
2925 1
2927 3
2928 3
2929 1
2930 1
2931 2
2932 1
2933 2
2934 1
2936 1
2938 2
2939 5
2941 1
2942 5
2943 3
2944 2
2945 1
2946 1
2947 1
2950 2
2951 2
2952 2
2953 3
2954 2
2955 2
2956 1
2957 3
2958 3
2959 1
2961 3
2962 3
2963 6
2965 2
2966 1
2967 2
2968 1
2969 2
2970 3
2971 1
2972 3
2973 2
2975 2
2978 1
2979 2
2980 3
2981 4
2982 1
2983 1
2984 3
2985 1
2986 1
2987 1
2988 2
2989 3
2990 2
2993 4
2994 2
2995 3
2996 3
2997 5
2998 5
2999 1
3000 2
3001 2
3002 3
3003 2
3004 4
3005 2
3006 2
3007 2
3008 1
3009 4
3010 1
3011 3
3012 4
3013 1
3014 2
3015 4
3017 2
3018 4
3019 2
3020 2
3021 2
3022 1
3023 2
3024 1
3025 3
3026 1
3027 2
3029 2
3030 4
3032 1
3033 2
3034 1
3035 2
3037 4
3038 1
3039 2
3040 1
3042 1
3043 2
3044 2
3045 1
3046 1
3047 4
3048 3
3049 4
3050 1
3051 1
3052 4
3053 1
3054 2
3055 1
3056 1
3057 1
3058 2
3059 2
3061 3
3062 1
3064 1
3065 5
3066 1
3067 1
3068 2
3069 1
3071 2
3072 2
3073 4
3074 3
3075 1
3076 1
3077 1
3078 2
3079 1
3080 4
3081 1
3083 3
3085 3
3086 2
3087 2
3088 1
3089 3
3091 1
3092 1
3096 2
3097 3
3098 1
3102 3
3104 2
3106 2
3107 1
3108 2
3109 2
3110 2
3111 2
3113 1
3114 2
3116 2
3117 1
3118 1
3119 2
3120 2
3121 6
3122 2
3123 2
3125 3
3126 3
3127 2
3128 2
3129 1
3130 3
3131 1
3133 1
3134 3
3136 4
3137 2
3138 1
3139 5
3140 1
3141 3
3142 1
3144 1
3146 1
3148 1
3149 3
3150 3
3151 1
3152 3
3153 1
3154 1
3155 1
3156 1
3157 2
3158 2
3160 2
3161 2
3162 2
3163 2
3164 1
3166 3
3167 2
3168 3
3169 2
3170 1
3171 2
3172 1
3173 1
3174 1
3175 1
3176 1
3177 3
3178 1
3179 1
3180 1
3181 1
3182 1
3183 4
3184 2
3185 1
3186 1
3188 4
3189 4
3190 3
3192 1
3193 2
3194 1
3195 1
3196 1
3197 4
3198 4
3199 2
3201 1
3202 2
3203 1
3204 2
3205 1
3206 1
3207 1
3208 2
3209 1
3210 2
3211 3
3212 3
3213 4
3214 2
3215 2
3216 1
3217 2
3218 2
3219 1
3220 1
3222 1
3223 3
3224 2
3225 2
3227 1
3229 2
3233 2
3236 1
3237 1
3238 2
3239 2
3240 1
3241 1
3242 1
3244 2
3245 3
3246 1
3247 4
3248 1
3249 2
3250 4
3253 1
3255 1
3256 1
3257 3
3258 2
3259 2
3260 1
3261 1
3262 2
3263 1
3264 2
3265 1
3266 1
3268 1
3271 3
3272 2
3273 3
3274 3
3275 2
3277 2
3278 1
3279 1
3281 5
3282 1
3285 1
3286 2
3287 5
3289 2
3290 2
3292 3
3293 2
3296 2
3297 1
3298 2
3300 2
3302 1
3306 3
3307 2
3308 2
3309 4
3310 2
3311 1
3313 2
3315 3
3318 1
3319 1
3322 1
3323 1
3324 2
3325 2
3326 1
3327 3
3328 3
3329 2
3330 2
3331 3
3332 1
3333 1
3335 1
3336 1
3338 2
3339 2
3340 3
3341 1
3342 2
3345 1
3347 3
3349 1
3350 4
3351 1
3354 1
3356 1
3358 1
3362 4
3363 2
3364 1
3365 1
3366 3
3367 2
3368 1
3369 1
3370 1
3371 2
3374 1
3375 1
3376 2
3378 1
3379 1
3380 3
3381 1
3383 6
3385 2
3386 2
3387 2
3388 4
3389 3
3390 3
3391 1
3392 1
3393 2
3394 1
3395 2
3397 2
3398 2
3399 2
3400 3
3401 1
3402 2
3404 2
3405 2
3406 1
3407 2
3408 1
3410 1
3414 2
3416 4
3417 1
3418 1
3419 2
3421 1
3422 1
3423 2
3424 4
3425 3
3426 1
3427 2
3428 2
3429 2
3430 3
3431 2
3432 1
3433 1
3434 1
3435 1
3436 1
3437 1
3438 1
3439 2
3440 1
3441 2
3442 1
3443 3
3444 3
3445 1
3446 1
3447 4
3448 2
3450 1
3451 2
3452 1
3453 1
3454 3
3457 3
3458 2
3459 1
3460 1
3462 1
3464 1
3465 3
3466 1
3467 4
3468 3
3469 3
3470 2
3472 3
3473 2
3474 3
3475 2
3476 2
3477 3
3478 3
3480 2
3481 3
3482 5
3483 1
3484 1
3485 2
3486 1
3488 2
3489 1
3490 1
3491 4
3492 3
3493 2
3494 1
3495 1
3496 2
3497 2
3498 1
3499 1
3500 2
3501 1
3502 1
3504 1
3505 4
3506 2
3507 2
3508 4
3509 1
3510 1
3511 2
3512 1
3514 3
3515 1
3517 1
3518 3
3519 1
3520 3
3521 3
3522 1
3523 3
3524 2
3525 3
3526 1
3528 4
3529 2
3530 1
3531 5
3532 1
3533 2
3534 4
3535 4
3537 5
3538 2
3539 3
3540 6
3541 2
3542 5
3543 1
3545 3
3546 5
3547 2
3548 2
3549 4
3550 1
3551 5
3552 3
3554 5
3555 2
3556 3
3557 3
3558 4
3559 5
3560 3
3561 3
3562 4
3563 5
3564 1
3565 1
3566 3
3567 4
3568 3
3569 1
3570 3
3571 3
3572 2
3573 1
3574 2
3575 3
3576 5
3577 2
3578 1
3580 5
3581 3
3582 3
3583 3
3584 1
3585 3
3587 2
3588 4
3589 3
3590 2
3591 6
3592 2
3593 3
3594 1
3595 2
3596 4
3597 4
3598 2
3599 2
3600 1
3601 2
3602 2
3603 2
3604 2
3605 1
3606 2
3607 8
3608 4
3609 4
3610 2
3611 2
3612 4
3613 2
3614 1
3615 3
3616 5
3617 2
3618 3
3619 4
3620 1
3621 1
3622 7
3623 2
3624 2
3625 2
3626 2
3627 3
3628 6
3629 3
3630 5
3631 5
3632 7
3633 3
3634 2
3635 3
3636 3
3637 7
3638 2
3639 3
3640 5
3641 5
3642 7
3643 6
3644 3
3645 7
3646 4
3647 4
3648 2
3649 2
3650 3
3651 6
3652 1
3653 3
3654 3
3655 3
3656 1
3657 1
3658 1
3659 2
3660 4
3661 1
3662 4
3663 3
3664 2
3665 8
3666 3
3667 2
3668 3
3669 1
3670 3
3671 6
3672 5
3673 2
3674 5
3675 4
3676 4
3677 1
3678 3
3679 4
3680 4
3681 7
3682 1
3683 4
3684 3
3685 2
3686 3
3687 7
3688 4
3689 2
3690 3
3691 5
3692 4
3693 5
3694 3
3695 4
3697 4
3698 3
3699 6
3700 8
3701 4
3702 7
3703 4
3704 6
3705 3
3706 1
3707 5
3708 6
3709 3
3710 7
3711 4
3712 3
3713 1
3714 1
3715 5
3716 6
3717 4
3718 3
3719 1
3720 3
3721 2
3722 4
3723 7
3724 1
3725 7
3726 5
3727 8
3728 5
3729 5
3730 1
3731 4
3732 3
3733 5
3734 4
3735 4
3736 2
3737 2
3738 3
3739 3
3740 3
3741 3
3742 2
3743 4
3744 7
3745 2
3746 3
3747 2
3748 10
3749 1
3750 4
3751 6
3752 6
3753 3
3754 7
3755 9
3756 5
3757 4
3758 3
3759 5
3761 6
3762 4
3763 1
3764 2
3765 8
3766 2
3767 5
3769 2
3770 3
3771 8
3772 2
3773 3
3774 5
3775 2
3776 4
3777 3
3778 6
3779 1
3780 3
3781 3
3782 2
3783 3
3784 1
3785 4
3786 5
3787 5
3788 2
3789 3
3791 3
3792 3
3793 3
3794 3
3795 2
3796 2
3797 4
3798 7
3799 5
3800 3
3801 3
3802 4
3803 8
3804 7
3805 6
3806 3
3807 6
3808 3
3809 3
3810 4
3811 4
3812 5
3813 4
3814 4
3815 3
3816 3
3817 4
3818 8
3819 2
3820 4
3821 13
3822 7
3823 1
3824 2
3825 4
3826 2
3827 6
3828 4
3829 7
3830 4
3831 1
3832 5
3833 4
3834 1
3835 1
3836 2
3837 4
3838 3
3839 4
3840 3
3841 4
3842 6
3843 1
3844 6
3845 1
3846 3
3847 1
3848 7
3849 2
3850 4
3851 6
3852 2
3853 4
3854 5
3855 1
3856 5
3857 3
3858 5
3859 4
3860 1
3861 2
3862 1
3863 2
3864 2
3865 1
3866 3
3867 4
3868 2
3869 3
3871 1
3872 5
3874 2
3875 3
3876 4
3877 3
3878 2
3879 1
3880 3
3881 7
3882 3
3883 2
3884 3
3885 2
3886 1
3887 4
3888 2
3889 2
3890 2
3891 3
3892 5
3893 5
3894 1
3895 3
3896 3
3897 4
3898 1
3899 3
3900 3
3901 4
3902 2
3903 6
3905 3
3906 3
3907 1
3908 1
3909 5
3910 4
3911 5
3912 6
3913 1
3914 7
3915 3
3917 1
3918 2
3919 1
3920 2
3921 2
3922 4
3923 2
3925 5
3926 2
3927 3
3928 3
3929 4
3930 1
3931 1
3932 4
3933 3
3934 6
3935 2
3936 6
3937 2
3938 4
3939 2
3941 2
3942 4
3943 7
3944 3
3945 2
3946 2
3947 2
3948 5
3949 3
3950 1
3951 1
3954 1
3955 1
3957 3
3958 2
3959 4
3960 2
3961 1
3962 1
3963 3
3964 2
3965 3
3966 2
3967 2
3968 3
3969 5
3970 2
3971 1
3972 1
3973 2
3974 1
3975 3
3976 3
3977 2
3978 1
3979 3
3980 2
3981 3
3982 6
3983 3
3984 4
3985 3
3986 2
3987 4
3988 1
3989 4
3991 1
3992 2
3993 2
3994 3
3995 1
3996 2
3997 3
3999 3
4001 3
4002 5
4003 2
4004 1
4005 2
4006 3
4007 2
4010 1
4012 1
4013 1
4014 3
4015 1
4018 2
4019 1
4020 2
4022 1
4023 3
4025 1
4026 1
4027 1
4028 3
4029 2
4030 3
4031 4
4032 2
4034 2
4036 2
4037 1
4039 2
4040 5
4041 2
4042 1
4043 1
4044 3
4045 2
4048 2
4049 1
4050 2
4051 2
4052 3
4055 2
4057 1
4058 2
4059 2
4062 2
4064 2
4065 1
4066 1
4067 2
4068 2
4069 2
4071 1
4072 2
4076 1
4077 1
4078 1
4079 1
4083 1
4085 2
4086 1
4089 1
4090 1
4095 1
4096 2
4098 2
4100 2
4101 3
4103 1
4107 2
4109 1
4110 1
4114 1
4118 1
4121 1
4122 2
4123 1
4128 1
4129 1
4130 1
4133 1
4137 1
4138 1
4142 1
4146 2
4147 1
4148 1
4149 2
4150 1
4160 2
4161 1
4162 1
4163 1
4164 1
4166 1
4168 1
4169 1
4170 1
4173 1
4174 1
4175 1
4176 1
4178 1
4181 2
4186 2
4189 1
4192 3
4193 1
4194 2
4195 1
4197 2
4204 2
4205 2
4207 1
4210 1
4211 1
4212 1
4214 2
4216 1
4220 2
4222 1
4223 1
4226 1
4227 1
4229 1
4234 1
4236 1
4237 1
4239 1
4241 1
4242 2
4245 1
4247 1
4252 2
4256 1
4257 2
4259 2
4267 1
4272 1
4283 1
4286 2
4287 1
4289 1
4291 1
4292 1
4294 1
4297 1
4300 1
4305 1
4306 1
4310 1
4314 1
4321 1
4322 3
4326 2
4328 2
4330 1
4334 1
4337 1
4338 1
4342 1
4348 1
4349 2
4352 1
4354 1
4356 2
4359 1
4360 1
4364 2
4367 1
4369 1
4372 1
4374 1
4375 2
4382 2
4383 1
4385 1
4391 1
4392 2
4395 1
4399 1
4403 1
4404 1
4407 1
4411 1
4412 1
4415 2
4418 1
4420 1
4421 1
4423 2
4430 1
4438 2
4439 2
4441 2
4442 1
4445 1
4449 2
4453 1
4456 1
4460 1
4467 1
4469 2
4471 2
4475 2
4480 1
4487 1
4490 2
4495 2
4496 1
4497 1
4498 1
4499 1
4501 1
4502 1
4504 2
4505 1
4508 1
4511 1
4512 1
4515 1
4517 1
4521 1
4522 1
4524 1
4526 1
4527 1
4530 1
4531 1
4543 1
4544 1
4546 3
4552 1
4558 1
4560 1
4561 2
4562 1
4566 1
4567 1
4570 1
4573 1
4577 2
4579 1
4580 1
4587 1
4594 1
4597 1
4598 1
4601 1
4602 1
4603 1
4606 1
4607 1
4610 1
4621 1
4622 1
4623 1
4625 2
4626 1
4629 1
4631 1
4635 1
4636 1
4638 1
4643 2
4644 1
4647 1
4650 1
4651 1
4657 1
4659 1
4662 1
4663 2
4666 2
4668 2
4669 1
4671 1
4672 1
4674 1
4677 1
4682 1
4685 2
4686 1
4688 1
4691 1
4693 2
4695 2
4697 1
4698 2
4699 1
4705 1
4706 1
4708 1
4709 2
4713 1
4717 1
4719 1
4724 2
4725 1
4726 1
4729 1
4730 1
4739 2
4742 1
4743 1
4748 1
4754 1
4758 1
4759 1
4764 1
4779 1
4784 3
4785 2
4787 2
4791 1
4792 1
4794 2
4803 1
4806 1
4807 1
4809 1
4811 1
4813 1
4816 1
4823 1
4828 2
4830 1
4831 1
4832 1
4841 1
4851 1
4857 1
4860 1
4862 1
4866 1
4869 1
4875 1
4885 1
4890 1
4895 1
4896 2
4898 1
4900 1
4903 1
4904 1
4906 1
4908 1
4914 1
4915 2
4922 1
4926 1
4927 1
4935 1
4939 1
4945 1
4966 1
4976 1
4978 2
4985 1
4988 1
4993 1
4996 1
4998 2
5012 1
5013 1
5028 1
5032 1
5035 2
5041 1
5042 1
5045 1
5050 1
5053 1
5056 1
5060 1
5071 1
5081 1
5094 1
5114 1
5125 1
5129 1
5137 1
5138 1
5143 2
5148 1
5156 2
5159 1
5162 1
5166 1
5168 1
5171 1
5172 1
5181 1
5183 1
5186 1
5188 1
5189 1
5195 1
5201 1
5215 1
5218 1
5220 1
5222 1
5234 1
5236 1
5244 1
5249 1
5261 1
5267 1
5268 1
5280 1
5297 1
5298 1
5307 1
5310 1
5311 1
5326 2
5338 1
5339 1
5343 1
5369 1
5370 1
5371 2
5374 1
5387 1
5388 1
5389 1
5390 1
5391 1
5393 1
5401 2
5405 1
5407 1
5415 1
5416 1
5417 1
5419 1
5420 1
5423 1
5425 1
5426 1
5434 1
5436 1
5441 1
5442 1
5443 1
5457 1
5463 1
5464 1
5465 1
5468 1
5476 1
5484 1
5491 1
5493 1
5494 1
5502 1
5505 1
5508 2
5510 1
5514 1
5516 2
5519 1
5524 1
5528 1
5534 1
5536 1
5546 1
5551 1
5555 1
5556 2
5559 1
5560 1
5564 1
5566 1
5570 1
5577 1
5588 1
5589 1
5592 2
5596 1
5599 3
5608 1
5612 1
5615 1
5616 1
5621 1
5630 2
5632 1
5633 1
5641 1
5643 1
5645 1
5650 1
5657 1
5658 2
5659 1
5667 2
5671 1
5673 1
5674 1
5682 1
5697 1
5704 1
5707 2
5712 1
5713 1
5723 1
5725 1
5727 1
5728 1
5732 1
5734 1
5747 1
5753 1
5761 1
5763 1
5764 1
5773 1
5785 1
5786 1
5790 1
5792 1
5794 1
5796 1
5800 1
5807 3
5809 1
5810 1
5812 1
5817 1
5818 1
5822 1
5826 1
5842 1
5851 1
5861 1
5863 1
5868 1
5870 1
5877 1
5878 1
5887 1
5890 1
5893 1
5901 1
5908 1
5920 1
5926 1
5929 1
5934 1
5937 1
5942 1
5956 1
5961 1
5964 1
5976 1
5983 1
5984 1
5996 1
6003 1
6005 1
6010 1
6023 1
6036 1
6045 1
6047 1
6050 1
6061 1
6063 1
6064 1
6075 1
6091 1
6093 1
6110 1
6112 1
6119 1
6128 1
6129 1
6131 2
6136 1
6137 1
6155 1
6174 1
6181 1
6190 1
6195 1
6210 1
6211 1
6237 1
6262 1
6263 1
6270 1
6294 1
6298 1
6314 1
6337 1
6340 1
6341 1
6343 1
6356 1
6379 1
6386 1
6405 1
6411 1
6413 1
6432 1
6438 1
6455 1
6456 1
6461 1
6466 1
6470 1
6480 1
6488 1
6489 1
6499 1
6500 1
6502 1
6510 1
6516 1
6524 1
6536 1
6540 1
6543 1
6552 1
6556 1
6559 1
6563 1
6565 1
6570 1
6571 1
6572 1
6573 1
6575 1
6579 1
6587 2
6591 1
6595 1
6598 1
6603 1
6605 1
6611 1
6624 1
6633 1
6635 1
6640 1
6641 1
6651 1
6652 1
6654 1
6655 1
6659 1
6660 1
6665 1
6669 1
6682 1
6683 1
6684 1
6687 1
6699 1
6704 1
6708 1
6710 1
6714 1
6716 1
6721 2
6722 1
6724 1
6727 1
6730 1
6734 2
6740 2
6742 2
6749 1
6751 1
6756 1
6758 1
6766 1
6771 1
6772 3
6775 1
6779 1
6781 3
6782 1
6783 1
6784 1
6787 1
6799 2
6802 1
6804 1
6805 1
6808 1
6811 1
6812 1
6813 2
6815 1
6816 1
6817 1
6818 2
6828 1
6829 1
6834 1
6838 1
6840 1
6841 1
6844 1
6848 1
6853 1
6854 2
6856 1
6858 1
6865 1
6870 2
6872 1
6874 1
6877 1
6881 1
6882 1
6883 1
6894 1
6895 1
6900 1
6903 1
6908 1
6910 1
6912 1
6915 1
6921 1
6924 1
6925 1
6926 1
6928 1
6934 1
6935 1
6936 1
6938 1
6943 1
6944 1
6945 1
6946 1
6949 1
6952 1
6954 1
6955 1
6967 1
6969 1
6971 1
6973 1
6978 1
6981 1
6988 1
6990 1
6994 2
6998 1
7000 1
7008 1
7009 1
7015 1
7016 1
7022 2
7023 1
7030 1
7032 1
7033 1
7038 1
7040 1
7043 1
7046 1
7056 1
7063 1
7065 1
7068 1
7071 2
7077 2
7086 1
7092 1
7097 2
7098 1
7101 1
7112 1
7115 1
7120 1
7126 1
7128 1
7133 1
7173 1
7180 1
7188 1
7218 1
7246 1
7258 1
7260 1
7265 1
7301 1
7311 1
7332 1
7336 1
7346 1
7410 2
7418 1
7513 1
7558 1
7575 1
7593 1
7697 1
7811 1
8169 1
8285 1
8294 1
8384 1
8406 2
8490 1
8639 1
8662 1
8718 1
8779 1
8789 1
8826 1
8874 1
8962 1
8999 1
9139 1
9295 1
9407 1
9478 1
9481 1
9557 1
9575 1
9604 1
9642 1
9767 1
9887 1
