14 1
20 1
22 1
25 1
47 1
53 1
56 1
57 1
59 1
60 1
61 1
62 1
63 2
64 2
65 1
68 2
70 1
71 2
73 5
74 2
75 4
76 4
77 3
78 4
79 1
80 4
81 1
82 3
83 4
84 3
85 6
86 3
87 6
88 6
89 6
90 9
91 3
92 10
93 5
94 5
95 5
96 8
97 5
98 7
99 13
100 7
101 5
102 7
103 4
104 10
105 13
106 6
107 8
108 4
109 9
110 8
111 8
112 9
113 12
114 17
115 9
116 6
117 8
118 8
119 14
120 12
121 11
122 12
123 10
124 9
125 10
126 12
127 17
128 14
129 12
130 13
131 10
132 15
133 8
134 16
135 13
136 13
137 6
138 12
139 10
140 10
141 9
142 13
143 6
144 8
145 7
146 8
147 12
148 14
149 9
150 20
151 10
152 10
153 10
154 9
155 9
156 13
157 7
158 13
159 15
160 15
161 13
162 9
163 16
164 10
165 17
166 11
167 14
168 9
169 10
170 20
171 6
172 13
173 15
174 9
175 18
176 12
177 8
178 12
179 16
180 16
181 14
182 16
183 13
184 19
185 15
186 14
187 12
188 17
189 8
190 7
191 15
192 13
193 16
194 7
195 10
196 11
197 14
198 21
199 16
200 12
201 13
202 10
203 22
204 13
205 17
206 11
207 6
208 14
209 16
210 18
211 9
212 7
213 20
214 17
215 10
216 11
217 18
218 8
219 12
220 18
221 14
222 11
223 14
224 18
225 16
226 10
227 7
228 11
229 21
230 7
231 13
232 9
233 15
234 12
235 15
236 12
237 9
238 13
239 16
240 11
241 12
242 23
243 11
244 10
245 12
246 22
247 14
248 20
249 20
250 21
251 17
252 22
253 24
254 13
255 29
256 24
257 27
258 33
259 24
260 31
261 33
262 32
263 45
264 47
265 49
266 53
267 61
268 64
269 80
270 100
271 95
272 114
273 109
274 132
275 140
276 135
277 175
278 177
279 174
280 204
281 206
282 250
283 246
284 263
285 266
286 282
287 302
288 308
289 342
290 322
291 357
292 378
293 385
294 375
295 423
296 406
297 418
298 472
299 462
300 480
301 450
302 495
303 436
304 468
305 486
306 493
307 431
308 507
309 510
310 506
311 521
312 500
313 494
314 515
315 470
316 507
317 533
318 508
319 524
320 514
321 538
322 513
323 489
324 487
325 525
326 472
327 470
328 495
329 528
330 486
331 504
332 507
333 459
334 521
335 476
336 504
337 494
338 516
339 534
340 502
341 508
342 503
343 508
344 501
345 483
346 528
347 498
348 499
349 463
350 486
351 521
352 533
353 492
354 509
355 505
356 492
357 504
358 468
359 429
360 488
361 453
362 497
363 482
364 506
365 497
366 482
367 465
368 464
369 507
370 501
371 478
372 471
373 492
374 494
375 466
376 461
377 511
378 510
379 469
380 479
381 489
382 482
383 434
384 488
385 499
386 438
387 463
388 477
389 445
390 405
391 471
392 451
393 487
394 480
395 448
396 514
397 436
398 475
399 489
400 446
401 442
402 471
403 480
404 477
405 430
406 449
407 515
408 459
409 461
410 469
411 449
412 438
413 487
414 479
415 451
416 435
417 417
418 461
419 459
420 443
421 453
422 422
423 466
424 434
425 524
426 431
427 493
428 408
429 452
430 428
431 428
432 459
433 451
434 428
435 424
436 425
437 443
438 438
439 445
440 452
441 428
442 455
443 433
444 459
445 449
446 440
447 441
448 465
449 442
450 416
451 418
452 448
453 450
454 455
455 412
456 443
457 448
458 408
459 420
460 433
461 414
462 447
463 438
464 430
465 429
466 421
467 451
468 427
469 400
470 409
471 396
472 399
473 387
474 410
475 388
476 451
477 414
478 414
479 438
480 418
481 410
482 447
483 458
484 411
485 411
486 390
487 414
488 413
489 425
490 422
491 406
492 391
493 403
494 415
495 422
496 411
497 447
498 398
499 391
500 415
501 402
502 394
503 407
504 437
505 465
506 380
507 363
508 396
509 403
510 410
511 360
512 389
513 428
514 442
515 446
516 388
517 369
518 385
519 403
520 382
521 371
522 393
523 342
524 378
525 374
526 384
527 383
528 426
529 401
530 401
531 410
532 388
533 409
534 376
535 364
536 396
537 415
538 367
539 397
540 367
541 378
542 397
543 363
544 387
545 381
546 365
547 355
548 390
549 377
550 410
551 364
552 380
553 371
554 388
555 370
556 379
557 404
558 399
559 374
560 378
561 389
562 364
563 369
564 405
565 404
566 393
567 383
568 374
569 404
570 409
571 364
572 385
573 370
574 375
575 384
576 347
577 357
578 394
579 355
580 370
581 370
582 371
583 375
584 381
585 412
586 376
587 404
588 366
589 413
590 405
591 402
592 401
593 404
594 403
595 375
596 415
597 397
598 420
599 413
600 414
601 426
602 372
603 386
604 416
605 378
606 401
607 429
608 384
609 376
610 399
611 427
612 390
613 334
614 419
615 411
616 411
617 394
618 413
619 429
620 424
621 437
622 382
623 420
624 432
625 448
626 415
627 415
628 441
629 460
630 431
631 402
632 492
633 423
634 412
635 449
636 436
637 468
638 472
639 435
640 435
641 468
642 517
643 445
644 442
645 488
646 468
647 481
648 483
649 486
650 474
651 509
652 514
653 536
654 532
655 526
656 529
657 546
658 551
659 562
660 613
661 586
662 640
663 604
664 585
665 606
666 602
667 609
668 617
669 654
670 674
671 660
672 681
673 654
674 752
675 716
676 764
677 750
678 713
679 790
680 752
681 753
682 788
683 830
684 828
685 832
686 920
687 873
688 885
689 856
690 908
691 931
692 912
693 889
694 985
695 1022
696 1043
697 1027
698 998
699 1054
700 1079
701 1066
702 1133
703 1133
704 1123
705 1113
706 1118
707 1253
708 1244
709 1256
710 1214
711 1285
712 1289
713 1326
714 1298
715 1267
716 1265
717 1295
718 1404
719 1379
720 1363
721 1440
722 1439
723 1497
724 1491
725 1441
726 1470
727 1542
728 1524
729 1544
730 1570
731 1521
732 1576
733 1568
734 1584
735 1561
736 1617
737 1649
738 1627
739 1647
740 1643
741 1628
742 1649
743 1606
744 1675
745 1734
746 1753
747 1721
748 1707
749 1725
750 1730
751 1719
752 1734
753 1662
754 1769
755 1752
756 1776
757 1746
758 1718
759 1768
760 1727
761 1792
762 1779
763 1750
764 1774
765 1719
766 1732
767 1781
768 1768
769 1730
770 1680
771 1715
772 1683
773 1699
774 1717
775 1589
776 1660
777 1624
778 1550
779 1628
780 1600
781 1582
782 1652
783 1605
784 1577
785 1589
786 1571
787 1602
788 1473
789 1497
790 1473
791 1428
792 1492
793 1434
794 1396
795 1407
796 1409
797 1380
798 1405
799 1364
800 1333
801 1324
802 1331
803 1248
804 1352
805 1205
806 1243
807 1159
808 1151
809 1114
810 1157
811 1125
812 1084
813 1070
814 1007
815 1023
816 996
817 995
818 1018
819 970
820 949
821 953
822 910
823 896
824 944
825 890
826 917
827 849
828 772
829 817
830 769
831 755
832 747
833 729
834 766
835 683
836 678
837 705
838 627
839 643
840 625
841 642
842 603
843 618
844 576
845 578
846 560
847 560
848 536
849 536
850 586
851 503
852 517
853 463
854 464
855 432
856 449
857 404
858 446
859 431
860 425
861 369
862 398
863 387
864 382
865 385
866 377
867 381
868 346
869 343
870 308
871 313
872 291
873 289
874 294
875 327
876 279
877 276
878 266
879 279
880 258
881 266
882 277
883 253
884 238
885 258
886 236
887 205
888 242
889 208
890 213
891 210
892 200
893 239
894 217
895 195
896 217
897 194
898 182
899 181
900 216
901 190
902 191
903 184
904 176
905 174
906 199
907 188
908 171
909 177
910 196
911 183
912 169
913 164
914 153
915 172
916 171
917 144
918 172
919 166
920 135
921 160
922 157
923 166
924 170
925 158
926 184
927 147
928 160
929 154
930 164
931 158
932 148
933 153
934 150
935 142
936 158
937 172
938 135
939 169
940 159
941 121
942 154
943 119
944 153
945 148
946 158
947 148
948 145
949 147
950 151
951 140
952 157
953 121
954 138
955 137
956 141
957 129
958 150
959 141
960 153
961 140
962 146
963 124
964 129
965 135
966 131
967 120
968 135
969 144
970 139
971 132
972 127
973 134
974 147
975 138
976 129
977 122
978 143
979 146
980 161
981 120
982 155
983 138
984 133
985 148
986 149
987 148
988 135
989 124
990 121
991 136
992 134
993 142
994 138
995 123
996 112
997 142
998 146
999 108
1000 134
1001 151
1002 105
1003 144
1004 122
1005 133
1006 134
1007 138
1008 151
1009 143
1010 144
1011 150
1012 153
1013 140
1014 141
1015 142
1016 121
1017 158
1018 138
1019 148
1020 134
1021 132
1022 147
1023 135
1024 122
1025 121
1026 136
1027 138
1028 117
1029 134
1030 125
1031 119
1032 139
1033 132
1034 136
1035 111
1036 132
1037 129
1038 143
1039 131
1040 139
1041 142
1042 118
1043 127
1044 130
1045 104
1046 139
1047 131
1048 128
1049 131
1050 117
1051 145
1052 136
1053 135
1054 139
1055 111
1056 128
1057 114
1058 158
1059 136
1060 114
1061 144
1062 125
1063 125
1064 149
1065 132
1066 104
1067 144
1068 106
1069 120
1070 127
1071 126
1072 125
1073 135
1074 134
1075 137
1076 117
1077 118
1078 126
1079 124
1080 128
1081 127
1082 135
1083 135
1084 121
1085 120
1086 113
1087 111
1088 114
1089 111
1090 114
1091 107
1092 130
1093 117
1094 140
1095 124
1096 138
1097 130
1098 123
1099 110
1100 118
1101 148
1102 116
1103 116
1104 131
1105 113
1106 133
1107 115
1108 114
1109 117
1110 125
1111 116
1112 115
1113 115
1114 117
1115 123
1116 124
1117 109
1118 98
1119 110
1120 113
1121 111
1122 150
1123 101
1124 120
1125 114
1126 103
1127 106
1128 112
1129 103
1130 106
1131 107
1132 130
1133 118
1134 112
1135 124
1136 104
1137 106
1138 103
1139 106
1140 96
1141 84
1142 106
1143 110
1144 112
1145 109
1146 102
1147 110
1148 122
1149 105
1150 128
1151 105
1152 117
1153 111
1154 107
1155 97
1156 84
1157 96
1158 94
1159 115
1160 111
1161 112
1162 97
1163 96
1164 106
1165 127
1166 125
1167 95
1168 91
1169 104
1170 104
1171 96
1172 113
1173 113
1174 98
1175 99
1176 118
1177 87
1178 115
1179 104
1180 84
1181 98
1182 116
1183 99
1184 86
1185 123
1186 100
1187 95
1188 93
1189 98
1190 102
1191 118
1192 97
1193 80
1194 113
1195 94
1196 102
1197 94
1198 97
1199 105
1200 94
1201 112
1202 90
1203 87
1204 89
1205 100
1206 105
1207 80
1208 95
1209 113
1210 91
1211 106
1212 105
1213 87
1214 115
1215 98
1216 116
1217 97
1218 93
1219 99
1220 107
1221 94
1222 101
1223 91
1224 110
1225 87
1226 92
1227 117
1228 117
1229 94
1230 134
1231 104
1232 103
1233 113
1234 105
1235 120
1236 92
1237 89
1238 110
1239 98
1240 110
1241 111
1242 96
1243 116
1244 101
1245 99
1246 101
1247 105
1248 116
1249 107
1250 110
1251 118
1252 112
1253 120
1254 109
1255 111
1256 130
1257 130
1258 109
1259 109
1260 131
1261 111
1262 106
1263 116
1264 137
1265 113
1266 158
1267 119
1268 114
1269 110
1270 127
1271 119
1272 141
1273 127
1274 132
1275 151
1276 136
1277 148
1278 159
1279 147
1280 132
1281 146
1282 143
1283 182
1284 151
1285 179
1286 154
1287 161
1288 184
1289 181
1290 149
1291 154
1292 172
1293 154
1294 181
1295 153
1296 185
1297 167
1298 171
1299 182
1300 194
1301 175
1302 169
1303 196
1304 188
1305 193
1306 195
1307 211
1308 218
1309 230
1310 217
1311 222
1312 207
1313 210
1314 241
1315 230
1316 238
1317 246
1318 231
1319 267
1320 241
1321 223
1322 244
1323 269
1324 254
1325 228
1326 274
1327 259
1328 265
1329 268
1330 269
1331 245
1332 261
1333 275
1334 295
1335 317
1336 306
1337 304
1338 311
1339 344
1340 327
1341 302
1342 307
1343 322
1344 323
1345 330
1346 345
1347 331
1348 364
1349 353
1350 370
1351 361
1352 367
1353 351
1354 367
1355 392
1356 354
1357 374
1358 359
1359 368
1360 365
1361 398
1362 406
1363 386
1364 407
1365 421
1366 385
1367 391
1368 390
1369 438
1370 399
1371 433
1372 437
1373 440
1374 391
1375 430
1376 439
1377 463
1378 464
1379 418
1380 428
1381 422
1382 451
1383 450
1384 449
1385 462
1386 411
1387 473
1388 439
1389 440
1390 442
1391 442
1392 480
1393 475
1394 457
1395 447
1396 424
1397 461
1398 492
1399 453
1400 503
1401 467
1402 464
1403 467
1404 449
1405 461
1406 475
1407 465
1408 440
1409 498
1410 437
1411 492
1412 458
1413 456
1414 446
1415 430
1416 451
1417 480
1418 477
1419 471
1420 447
1421 441
1422 427
1423 462
1424 470
1425 440
1426 411
1427 462
1428 438
1429 444
1430 425
1431 464
1432 427
1433 410
1434 429
1435 458
1436 433
1437 456
1438 441
1439 427
1440 437
1441 389
1442 397
1443 420
1444 415
1445 403
1446 438
1447 368
1448 414
1449 390
1450 411
1451 365
1452 422
1453 389
1454 384
1455 364
1456 380
1457 411
1458 400
1459 382
1460 371
1461 357
1462 360
1463 355
1464 364
1465 410
1466 399
1467 320
1468 336
1469 327
1470 363
1471 307
1472 359
1473 332
1474 338
1475 351
1476 356
1477 303
1478 335
1479 317
1480 354
1481 320
1482 313
1483 273
1484 326
1485 323
1486 296
1487 312
1488 300
1489 305
1490 302
1491 316
1492 332
1493 314
1494 305
1495 311
1496 307
1497 278
1498 296
1499 282
1500 312
1501 319
1502 309
1503 286
1504 325
1505 318
1506 271
1507 308
1508 292
1509 292
1510 301
1511 322
1512 290
1513 290
1514 300
1515 328
1516 315
1517 318
1518 321
1519 284
1520 311
1521 292
1522 295
1523 272
1524 286
1525 306
1526 315
1527 284
1528 267
1529 326
1530 300
1531 320
1532 301
1533 293
1534 321
1535 293
1536 326
1537 312
1538 301
1539 295
1540 320
1541 310
1542 339
1543 291
1544 333
1545 337
1546 329
1547 319
1548 340
1549 324
1550 314
1551 349
1552 316
1553 352
1554 300
1555 344
1556 322
1557 345
1558 341
1559 319
1560 337
1561 335
1562 364
1563 340
1564 334
1565 344
1566 353
1567 343
1568 355
1569 345
1570 348
1571 351
1572 371
1573 343
1574 354
1575 349
1576 315
1577 361
1578 349
1579 387
1580 337
1581 367
1582 380
1583 388
1584 372
1585 381
1586 376
1587 351
1588 386
1589 400
1590 377
1591 366
1592 358
1593 363
1594 392
1595 349
1596 371
1597 383
1598 394
1599 401
1600 371
1601 373
1602 378
1603 362
1604 355
1605 384
1606 348
1607 368
1608 358
1609 386
1610 391
1611 398
1612 370
1613 352
1614 425
1615 381
1616 391
1617 331
1618 386
1619 396
1620 403
1621 384
1622 374
1623 370
1624 392
1625 385
1626 370
1627 358
1628 370
1629 372
1630 358
1631 351
1632 382
1633 349
1634 373
1635 366
1636 371
1637 386
1638 359
1639 335
1640 338
1641 338
1642 322
1643 373
1644 319
1645 347
1646 317
1647 365
1648 327
1649 323
1650 305
1651 342
1652 313
1653 328
1654 312
1655 299
1656 277
1657 305
1658 330
1659 310
1660 283
1661 304
1662 296
1663 265
1664 272
1665 272
1666 258
1667 276
1668 263
1669 299
1670 260
1671 262
1672 266
1673 262
1674 258
1675 269
1676 239
1677 237
1678 227
1679 244
1680 229
1681 224
1682 235
1683 225
1684 246
1685 231
1686 230
1687 201
1688 227
1689 195
1690 201
1691 209
1692 210
1693 189
1694 190
1695 177
1696 181
1697 188
1698 175
1699 186
1700 133
1701 164
1702 166
1703 179
1704 127
1705 166
1706 153
1707 152
1708 147
1709 152
1710 141
1711 127
1712 127
1713 128
1714 155
1715 158
1716 140
1717 115
1718 129
1719 106
1720 116
1721 127
1722 106
1723 101
1724 122
1725 135
1726 117
1727 105
1728 93
1729 103
1730 110
1731 101
1732 91
1733 92
1734 90
1735 85
1736 80
1737 87
1738 83
1739 94
1740 78
1741 91
1742 82
1743 76
1744 79
1745 89
1746 73
1747 67
1748 66
1749 70
1750 53
1751 73
1752 74
1753 58
1754 58
1755 58
1756 62
1757 60
1758 52
1759 49
1760 54
1761 54
1762 27
1763 42
1764 57
1765 31
1766 43
1767 39
1768 45
1769 34
1770 44
1771 46
1772 32
1773 46
1774 37
1775 47
1776 31
1777 33
1778 35
1779 26
1780 39
1781 23
1782 27
1783 29
1784 40
1785 30
1786 33
1787 29
1788 18
1789 29
1790 24
1791 30
1792 22
1793 17
1794 24
1795 24
1796 19
1797 27
1798 22
1799 16
1800 14
1801 20
1802 20
1803 16
1804 21
1805 16
1806 20
1807 18
1808 13
1809 19
1810 16
1811 21
1812 13
1813 8
1814 12
1815 9
1816 11
1817 17
1818 15
1819 17
1820 15
1821 10
1822 10
1823 15
1824 6
1825 3
1826 13
1827 8
1828 5
1829 10
1830 6
1831 10
1832 12
1833 8
1834 11
1835 8
1836 14
1837 6
1838 8
1839 4
1840 9
1841 6
1842 9
1843 3
1844 9
1845 7
1846 15
1847 11
1848 6
1849 7
1850 8
1851 3
1852 10
1853 8
1854 5
1855 2
1856 7
1857 9
1858 8
1859 7
1860 5
1861 4
1862 5
1863 4
1864 4
1865 6
1866 2
1867 6
1868 5
1869 3
1870 2
1871 5
1872 1
1873 2
1874 3
1875 7
1876 6
1877 8
1878 5
1879 2
1880 3
1881 6
1882 3
1883 2
1884 3
1885 4
1886 6
1887 5
1888 4
1890 2
1891 5
1892 2
1893 3
1894 3
1895 3
1896 1
1897 3
1898 3
1899 2
1900 4
1901 4
1902 3
1903 1
1904 3
1905 1
1906 3
1907 1
1908 1
1909 2
1910 7
1911 3
1912 1
1913 4
1914 9
1915 2
1916 4
1917 2
1918 3
1919 2
1920 4
1921 2
1922 3
1923 4
1924 4
1925 1
1926 3
1927 3
1928 2
1929 4
1930 3
1931 3
1932 1
1933 1
1934 1
1935 4
1936 3
1938 3
1939 3
1940 2
1942 1
1944 2
1945 1
1946 1
1948 2
1949 2
1950 2
1951 2
1952 5
1953 1
1954 1
1955 2
1958 3
1959 1
1960 1
1961 3
1962 4
1963 2
1964 2
1966 2
1967 1
1968 2
1970 2
1971 3
1972 1
1973 2
1974 1
1975 3
1977 4
1979 2
1980 1
1981 1
1982 3
1983 3
1984 1
1985 1
1987 1
1989 2
1990 3
1991 2
1992 1
1993 2
1994 2
1999 2
2000 1
2001 1
2002 6
2006 2
2007 2
2009 2
2010 1
2011 1
2012 3
2013 1
2014 2
2016 2
2017 1
2019 1
2021 1
2022 4
2024 1
2025 2
2026 1
2027 1
2028 1
2029 1
2030 1
2031 2
2032 1
2034 1
2037 3
2038 1
2039 4
2040 1
2042 1
2044 1
2046 2
2050 1
2051 1
2052 1
2053 1
2054 1
2057 1
2058 4
2060 4
2061 1
2062 1
2064 2
2066 4
2067 1
2068 1
2070 1
2072 1
2074 2
2075 1
2076 1
2077 2
2082 1
2084 2
2085 1
2086 3
2087 1
2089 1
2092 2
2093 1
2094 1
2095 1
2096 3
2097 1
2098 1
2099 3
2100 1
2101 2
2102 1
2105 3
2106 1
2107 3
2108 1
2109 1
2110 1
2112 1
2113 2
2114 3
2116 1
2119 1
2121 2
2123 1
2124 1
2126 1
2127 2
2128 1
2130 1
2132 1
2137 1
2140 1
2142 4
2145 1
2147 1
2148 1
2149 2
2150 1
2151 1
2152 1
2153 2
2154 1
2155 1
2156 3
2159 1
2160 3
2161 1
2163 2
2164 3
2165 1
2167 1
2168 1
2171 1
2174 2
2177 1
2178 2
2179 2
2180 1
2182 2
2183 2
2186 1
2187 2
2188 1
2190 2
2191 3
2192 1
2193 1
2194 1
2195 3
2196 1
2197 2
2200 1
2202 1
2203 2
2204 2
2205 3
2206 1
2207 1
2208 1
2209 1
2210 3
2211 1
2214 1
2216 3
2218 1
2220 1
2221 1
2222 1
2223 1
2224 1
2226 2
2227 1
2228 1
2229 1
2230 2
2231 1
2235 1
2237 1
2239 2
2240 2
2241 1
2242 1
2243 1
2244 1
2246 2
2248 2
2249 2
2250 3
2252 1
2254 2
2255 1
2256 1
2257 1
2258 2
2259 2
2263 1
2265 1
2266 1
2269 1
2271 1
2273 3
2277 1
2278 1
2279 2
2282 1
2284 1
2285 1
2286 1
2288 1
2289 3
2290 1
2291 1
2292 1
2296 1
2297 1
2298 1
2300 2
2301 2
2304 1
2305 1
2306 3
2312 1
2313 1
2314 1
2318 2
2320 2
2321 2
2325 1
2328 2
2330 1
2332 2
2333 1
2334 1
2337 1
2340 2
2341 2
2344 1
2347 1
2348 1
2349 1
2353 1
2355 2
2356 1
2362 2
2365 3
2367 1
2369 2
2370 3
2373 2
2374 1
2379 1
2383 1
2384 1
2386 1
2387 2
2389 1
2395 1
2396 1
2397 2
2399 1
2402 1
2404 2
2405 1
2408 1
2409 1
2410 1
2413 1
2415 1
2419 1
2423 1
2427 3
2432 1
2433 1
2434 1
2435 2
2436 1
2437 1
2438 1
2440 1
2446 1
2447 3
2450 1
2451 1
2456 2
2457 1
2460 1
2466 1
2473 1
2476 2
2483 1
2484 3
2485 2
2486 1
2493 1
2495 1
2496 1
2498 2
2500 1
2504 1
2505 1
2507 1
2509 2
2510 1
2513 1
2514 1
2516 1
2518 1
2522 1
2523 1
2524 2
2525 1
2526 1
2529 1
2530 2
2532 1
2534 1
2536 3
2539 1
2545 1
2546 1
2549 1
2550 1
2552 1
2553 2
2556 1
2558 1
2560 2
2561 1
2562 2
2563 1
2566 1
2567 1
2572 2
2573 2
2576 1
2578 1
2583 1
2587 1
2588 1
2593 2
2598 1
2599 1
2600 1
2601 1
2603 2
2605 1
2606 1
2610 1
2611 1
2612 1
2614 1
2620 2
2621 1
2624 1
2626 1
2627 1
2628 2
2634 1
2635 1
2636 1
2637 2
2639 2
2640 2
2641 1
2643 1
2646 1
2657 1
2658 1
2663 1
2667 1
2669 1
2671 1
2673 2
2677 1
2679 2
2683 1
2685 2
2686 2
2690 2
2694 1
2697 1
2698 1
2705 2
2710 1
2712 1
2721 1
2722 1
2725 1
2728 2
2731 1
2739 1
2742 3
2745 1
2747 1
2749 1
2751 2
2752 1
2753 1
2756 1
2759 2
2760 1
2766 1
2767 1
2769 1
2770 1
2772 1
2778 1
2779 2
2784 1
2786 1
2788 1
2790 2
2791 1
2797 1
2799 1
2801 1
2802 1
2803 1
2808 1
2810 1
2811 1
2812 1
2820 1
2821 1
2824 1
2841 1
2843 1
2844 1
2846 2
2848 1
2849 1
2852 1
2853 1
2854 1
2856 2
2859 1
2863 1
2866 2
2867 1
2870 1
2873 1
2875 1
2878 2
2880 2
2882 1
2884 1
2885 1
2888 1
2891 1
2893 1
2894 1
2895 2
2897 1
2901 1
2905 1
2907 5
2912 1
2914 1
2916 1
2924 1
2925 1
2927 1
2928 1
2939 1
2941 1
2942 1
2945 2
2952 2
2954 2
2957 1
2959 1
2960 2
2962 1
2965 1
2966 1
2967 2
2969 1
2972 1
2973 1
2981 2
2983 1
2984 1
2986 1
2987 1
2993 3
2994 1
2996 2
2999 1
3001 1
3002 2
3006 1
3011 2
3015 1
3018 1
3019 1
3020 1
3021 1
3022 2
3025 1
3026 2
3031 1
3035 1
3042 1
3043 1
3044 2
3047 1
3048 2
3049 2
3052 1
3053 1
3054 1
3055 1
3057 2
3065 2
3067 1
3068 1
3072 3
3073 1
3074 2
3076 1
3078 1
3080 1
3081 1
3083 1
3085 2
3086 1
3093 1
3096 3
3099 1
3100 1
3101 1
3107 1
3109 1
3110 1
3114 1
3115 1
3116 1
3117 3
3119 1
3120 1
3121 2
3123 1
3124 1
3125 1
3126 1
3127 1
3133 1
3135 2
3138 1
3140 2
3141 1
3144 1
3146 1
3149 1
3151 1
3156 1
3157 1
3165 1
3168 1
3171 1
3172 1
3173 1
3176 1
3179 2
3181 1
3183 1
3187 1
3191 1
3192 1
3195 1
3196 1
3202 1
3204 1
3206 2
3208 1
3210 1
3213 1
3215 1
3220 1
3226 1
3228 1
3229 1
3230 1
3232 1
3233 1
3236 1
3242 1
3247 1
3250 1
3265 1
3268 1
3271 1
3272 1
3283 1
3297 1
3300 1
3304 1
3305 1
3308 1
3323 1
3330 1
3336 1
3351 1
3355 1
3357 1
3363 1
3369 1
3378 1
3381 1
3384 1
3416 1
3427 1
3431 1
3444 1
3481 1
3482 1
3598 1
3611 1
3643 1
3737 1
3745 1
3747 1
3783 1
3830 1
3864 1
3890 1
3949 1
3993 1
4007 1
4017 1
4043 1
4077 1
4137 1
4162 1
4193 1
4196 1
4213 1
4241 1
4281 1
4309 1
4315 1
4320 1
4334 1
4358 1
4399 1
4515 1
4521 1
4563 1
4643 1
4697 1
4736 1
4908 1
4920 1
4948 1
4957 1
4990 1
5066 1
5077 1
5115 1
5238 1
5302 1
5384 1
5437 1
5470 1
5529 1
5533 1
5564 1
5610 1
5630 1
5661 1
5674 1
5743 1
5789 1
5836 1
5939 1
6035 1
6052 1
6076 1
6223 1
6285 1
6312 1
6369 1
6458 1
6459 1
6461 1
6480 1
6495 1
6653 1
6729 1
6754 1
6781 1
6872 1
6873 1
6906 1
6954 1
6977 1
7027 1
7037 1
7092 1
7139 1
7199 1
7285 1
7323 1
7351 1
7401 1
7421 1
7436 1
7496 1
7504 1
7519 1
7563 1
7603 1
7609 1
7629 1
7671 1
7765 1
7776 1
7786 1
7906 1
7932 1
8039 1
8045 1
8107 1
8120 1
8232 1
8266 1
8289 1
8294 1
8302 1
8338 1
8354 1
8360 1
8386 1
8457 1
8470 1
8527 1
8592 1
8620 1
8703 1
8807 1
8826 1
8907 1
9082 1
9098 1
9264 1
9299 1
9436 1
9464 1
9478 1
9490 1
9499 1
9505 1
9773 1
9921 1
9948 1
9958 1
